<?xml version="1.0"?>
<opencv_storage>
<first_points>
  300. 388. 340. 82. 68. 428. 132. 296. 173. 294. 559. 59. 285. 390.
  515. 78. 437. 206. 163. 294. 482. 254. 431. 214. 521. 68. 397. 170.
  478. 214. 44. 48. 194. 120. 235. 418. 224. 411. 152. 295. 142. 295.
  461. 82. 69. 50. 489. 327. 435. 162. 324. 246. 203. 222. 132. 136.
  450. 352. 505. 293. 53. 340. 230. 249. 41. 93. 293. 404. 357. 246.
  425. 261. 485. 59. 112. 57. 74. 186. 459. 221. 565. 244. 465. 57. 345.
  131. 460. 141. 431. 188. 526. 387. 424. 201. 443. 218. 192. 412. 502.
  257. 262. 412. 299. 224. 129. 59. 181. 412. 237. 275. 290. 415. 288.
  192. 144. 262. 397. 251. 405. 227. 424. 171. 505. 52. 493. 53. 372.
  166. 328. 384. 231. 267. 81. 284. 377. 245. 419. 218. 69. 96. 471.
  324. 457. 304. 378. 177. 447. 82. 442. 300. 140. 420. 362. 82. 180.
  320. 90. 399. 59. 282. 503. 369. 475. 103. 555. 239. 283. 142. 240.
  200. 42. 406. 411. 196. 484. 179. 416. 119. 486. 282. 533. 180. 468.
  307. 542. 354. 431. 315. 112. 332. 50. 358. 534. 191. 352. 400. 471.
  89. 517. 341. 64. 357. 246. 420. 205. 135. 137. 108. 277. 191. 279.
  211. 442. 185. 430. 51. 424. 250. 234. 170. 436. 285. 63. 396. 455.
  179. 355. 160. 152. 411. 506. 392. 169. 44. 289. 131. 503. 152. 124.
  419. 122. 404. 49. 414. 508. 41. 574. 328. 507. 131. 454. 198. 95.
  314. 98. 353. 545. 211. 453. 163. 487. 123. 114. 318. 262. 140. 409.
  76. 120. 151. 207. 148. 457. 318. 141. 432. 499. 142. 362. 169. 336.
  54. 77. 406. 502. 103. 429. 118. 589. 218. 469. 45. 268. 171. 297. 48.
  575. 124. 489. 102. 363. 181. 496. 177. 426. 286. 289. 203. 444. 314.
  295. 92. 248. 174. 285. 165. 561. 357. 167. 227. 583. 372. 413. 280.
  52. 428. 489. 134. 384. 169. 264. 150. 533. 202. 355. 53. 415. 163.
  540. 330. 580. 382. 399. 66. 176. 142. 435. 243. 557. 134. 289. 54.
  498. 197. 341. 63. 419. 137. 501. 90. 311. 59. 133. 192. 412. 51. 452.
  212. 82. 425. 407. 169. 211. 209. 138. 118. 48. 252. 390. 46. 355. 96.
  77. 349. 513. 321. 174. 175. 194. 158. 549. 250. 392. 76. 543. 81.
  128. 243. 397. 54. 352. 119. 285. 177. 427. 271. 100. 398. 41. 380.
  477. 372. 397. 195. 435. 130. 488. 193. 374. 45. 121. 192. 330. 73.
  360. 131. 415. 238. 264. 160. 446. 325. 442. 101. 187. 267. 324. 41.
  134. 153. 387. 133. 434. 41. 319. 70. 539. 262. 421. 43. 232. 42. 334.
  244. 149. 146. 150. 243. 119. 165. 505. 207. 217. 52. 496. 117. 413.
  210. 464. 259. 403. 207. 267. 193. 552. 282. 496. 43. 309. 45. 88.
  414. 262. 57. 402. 262. 310. 390. 343. 43. 140. 402. 515. 195. 454.
  293. 251. 157. 148. 210. 385. 68. 212. 41. 190. 198. 221. 147. 530.
  347. 150. 232. 523. 202. 353. 197. 226. 176. 232. 54. 509. 142. 441.
  74. 534. 296. 312. 406. 481. 46. 344. 379. 140. 129. 589. 230. 445.
  64. 325. 60. 72. 391. 491. 368. 159. 211. 208. 172. 423. 107. 413. 63.
  273. 43. 392. 233. 51. 61. 171. 239. 52. 389. 175. 121. 401. 117. 559.
  124. 135. 98. 391. 159. 539. 282. 349. 76. 159. 267. 376. 232. 382.
  53. 315. 138. 489. 153. 216. 198. 423. 232. 356. 231. 557. 201. 190.
  170. 150. 161. 537. 67. 232. 156. 278. 53. 126. 256. 445. 54. 410. 98.
  83. 66. 577. 146. 152. 179. 255. 44. 442. 111. 504. 268. 484. 268.
  143. 196. 159. 221. 538. 366. 277. 159. 87. 368. 184. 184. 152. 422.
  52. 369. 317. 96. 170. 198. 178. 156. 575. 113. 438. 273. 239. 258.
  466. 283. 83. 80. 253. 226. 57. 181. 354. 42. 279. 63. 384. 122. 294.
  64. 583. 174. 167. 155. 436. 174. 367. 66. 182. 45. 142. 186. 80. 56.
  415. 266. 376. 188. 144. 171. 101. 410. 194. 45. 390. 108. 537. 144.
  597. 210. 96. 422. 166. 142. 247. 57. 487. 112. 162. 113. 420. 190.
  422. 297. 366. 53. 374. 121. 575. 156. 155. 193. 497. 282. 264. 281.
  370. 370. 511. 160. 291. 116. 246. 409. 85. 309. 105. 341. 356. 63.
  170. 188. 171. 396. 440. 362. 203. 113. 210. 158. 253. 198. 365. 198.
  424. 127. 382. 196. 193. 147. 229. 201. 305. 69. 364. 118. 242. 44.
  183. 129. 392. 214. 531. 308. 220. 421. 112. 420. 489. 346. 221. 118.
  363. 107. 166. 132. 128. 232. 408. 254. 74. 202. 161. 256. 544. 320.
  178. 423. 217. 186. 289. 42. 410. 182. 154. 137. 384. 98. 403. 41.
  208. 411. 172. 107. 553. 110. 139. 244. 128. 175. 378. 111. 375. 134.
  374. 256. 300. 370. 183. 108. 577. 217. 516. 151. 309. 124. 409. 132.
  64. 336. 375. 208. 554. 349. 549. 41. 380. 78. 332. 308. 148. 221.
  461. 96. 452. 270. 160. 99. 93. 386. 429. 96. 60. 56. 191. 400. 597.
  315. 62. 438. 341. 94. 550. 329. 127. 270. 73. 175. 131. 410. 94. 325.
  515. 287. 274. 396. 431. 224. 370. 156. 404. 370. 301. 259. 168. 167.
  370. 390. 398. 128. 515. 259. 454. 363. 501. 73. 494. 317. 275. 148.
  175. 267. 446. 246. 581. 313. 151. 119. 154. 401. 463. 69. 465. 272.
  401. 92. 578. 359. 551. 268. 588. 321. 394. 180. 416. 84. 78. 381.
  383. 88. 392. 261. 43. 144. 566. 348. 276. 377. 372. 97.</first_points>
