<?xml version="1.0"?>
<opencv_storage>
<first_points>
  324. 382. 352. 342. 400. 304. 349. 167. 351. 413. 324. 418. 402. 370.
  423. 401. 298. 420. 375. 205. 348. 98. 349. 202. 325. 309. 375. 239.
  421. 173. 425. 366. 376. 306. 325. 345. 377. 273. 399. 205. 375. 104.
  559. 59. 422. 112. 483. 94. 353. 376. 445. 365. 422. 238. 442. 144.
  425. 334. 424. 272. 376. 409. 350. 134. 374. 136. 350. 274. 447. 394.
  465. 393. 503. 183. 400. 238. 463. 177. 445. 427. 422. 206. 376. 171.
  350. 309. 425. 302. 322. 165. 517. 126. 402. 404. 399. 273. 351. 239.
  444. 238. 466. 210. 323. 273. 400. 339. 481. 120. 323. 96. 324. 132.
  441. 113. 378. 339. 483. 179. 322. 202. 350. 67. 444. 270. 467. 330.
  446. 334. 486. 358. 484. 419. 296. 274. 467. 360. 486. 328. 378. 373.
  519. 211. 483. 209. 466. 240. 67. 428. 535. 184. 502. 270. 484. 152.
  295. 92. 484. 390. 295. 200. 322. 237. 536. 158. 43. 47. 486. 298.
  484. 270. 520. 296. 296. 238. 518. 156. 519. 101. 465. 270. 519. 239.
  484. 240. 295. 126. 297. 385. 297. 313. 520. 324. 503. 386. 295. 164.
  503. 357. 519. 79. 536. 212. 549. 132. 522. 352. 537. 324. 504. 241.
  539. 377. 520. 268. 522. 408. 505. 297. 499. 96. 521. 436. 538. 269.
  321. 61. 538. 350. 520. 383. 538. 295. 538. 241. 533. 104. 520. 68.
  460. 82. 552. 294. 53. 339. 41. 93. 550. 160. 536. 407. 529. 53. 112.
  56. 115. 112. 69. 50. 129. 59. 484. 58. 465. 57. 299. 350. 596. 42.
  536. 432. 74. 186. 155. 413. 295. 54. 504. 52. 595. 68. 95. 335. 582.
  75. 131. 381. 171. 362. 50. 351. 69. 95. 95. 395. 129. 405. 272. 64.
  276. 382. 184. 392. 202. 399. 77. 426. 276. 416. 216. 304. 201. 367.
  144. 412. 197. 88. 184. 362. 216. 368. 233. 205. 273. 274. 171. 420.
  219. 434. 354. 53. 140. 107. 199. 334. 184. 422. 156. 330. 274. 94.
  169. 388. 234. 338. 117. 427. 184. 332. 236. 374. 185. 273. 95. 349.
  235. 240. 112. 66. 586. 50. 42. 406. 217. 239. 119. 378. 76. 406. 167.
  97. 59. 284. 168. 329. 235. 306. 167. 214. 154. 356. 518. 52. 182.
  182. 235. 272. 200. 114. 119. 352. 167. 126. 155. 214. 142. 214. 184.
  303. 200. 427. 253. 272. 199. 271. 64. 357. 141. 326. 182. 121. 233.
  173. 252. 237. 252. 205. 274. 238. 119. 404. 251. 103. 539. 48. 131.
  327. 200. 145. 168. 272. 142. 437. 216. 272. 167. 155. 341. 62. 583.
  85. 184. 210. 200. 240. 272. 203. 214. 113. 130. 272. 154. 272. 130.
  160. 184. 149. 154. 299. 170. 302. 183. 242. 96. 422. 154. 101. 116.
  322. 81. 284. 155. 155. 142. 242. 154. 243. 128. 297. 155. 127. 118.
  298. 130. 242. 170. 181. 499. 42. 143. 272. 116. 192. 107. 298. 468.
  45. 66. 394. 130. 133. 50. 413. 130. 215. 214. 80. 143. 300. 118. 216.
  128. 190. 155. 184. 313. 50. 107. 350. 107. 165. 140. 133. 130. 106.
  169. 241. 280. 57. 107. 269. 233. 53. 116. 245. 230. 43. 216. 52. 116.
  140. 597. 90. 66. 408. 108. 376. 95. 321. 107. 217. 183. 92. 76. 349.
  118. 270. 118. 163. 45. 430. 131. 433. 255. 43. 297. 41. 131. 90. 362.
  61. 430. 41. 94. 360. 74. 200. 365. 51. 48. 252. 537. 67. 83. 68. 86.
  403. 41. 380. 424. 52. 472. 90. 567. 83. 326. 51. 481. 46. 87. 368.
  58. 180. 408. 48. 417. 43. 198. 49. 512. 42. 50. 61. 108. 399. 542.
  81. 83. 78. 51. 388. 64. 190. 209. 43. 61. 57. 248. 51. 281. 45. 399.
  42. 81. 376. 95. 385. 51. 364. 548. 43. 80. 56. 586. 176. 183. 42. 72.
  173. 64. 336. 71. 287. 65. 105. 241. 43. 53. 232. 96. 408. 62. 438.
  77. 396.</first_points>
<last_points>
  4.29500000e+02 3.81500000e+02 4.56500000e+02 3.41500000e+02
  4.98500000e+02 3.03500000e+02 4.54500000e+02 1.67500000e+02
  4.56500000e+02 4.13500000e+02 4.29500000e+02 4.17500000e+02
  4.97500000e+02 3.69500000e+02 5.18500000e+02 4.01500000e+02
  4.07500000e+02 4.19500000e+02 4.76500000e+02 2.05500000e+02
  4.51500000e+02 9.75000000e+01 4.54500000e+02 2.01500000e+02
  4.31500000e+02 3.09500000e+02 4.76500000e+02 2.39500000e+02
  5.16500000e+02 1.73500000e+02 5.20500000e+02 3.65500000e+02
  4.76500000e+02 3.05500000e+02 4.31500000e+02 3.45500000e+02
  4.78500000e+02 2.73500000e+02 4.96500000e+02 2.05500000e+02
  4.75500000e+02 1.03500000e+02 5.94500000e+02 5.95000000e+01
  5.16500000e+02 1.11500000e+02 5.67500000e+02 9.35000000e+01
  4.58500000e+02 3.75500000e+02 5.36500000e+02 3.65500000e+02
  5.16500000e+02 2.37500000e+02 5.32500000e+02 1.43500000e+02
  5.20500000e+02 3.33500000e+02 5.18500000e+02 2.71500000e+02
  4.75500000e+02 4.09500000e+02 4.54500000e+02 1.33500000e+02
  4.74500000e+02 1.35500000e+02 4.54500000e+02 2.73500000e+02
  5.38500000e+02 3.93500000e+02 5.54500000e+02 3.93500000e+02
  5.86500000e+02 1.83500000e+02 4.98500000e+02 2.37500000e+02
  5.52500000e+02 1.77500000e+02 5.36500000e+02 4.27500000e+02
  5.16500000e+02 2.05500000e+02 4.76500000e+02 1.71500000e+02
  4.54500000e+02 3.09500000e+02 5.20500000e+02 3.01500000e+02
  4.27500000e+02 1.65500000e+02 5.98500000e+02 1.25500000e+02
  4.97500000e+02 4.03500000e+02 4.98500000e+02 2.73500000e+02
  4.56500000e+02 2.39500000e+02 5.35500000e+02 2.37500000e+02
  5.55500000e+02 2.09500000e+02 4.29500000e+02 2.73500000e+02
  4.98500000e+02 3.39500000e+02 5.67500000e+02 1.19500000e+02
  4.29500000e+02 9.55000000e+01 4.29500000e+02 1.31500000e+02
  5.32500000e+02 1.13500000e+02 4.78500000e+02 3.39500000e+02
  5.69500000e+02 1.79500000e+02 4.28500000e+02 2.01500000e+02
  4.52500000e+02 6.85000000e+01 4.97500000e+02 2.70500000e+02
  5.56500000e+02 3.29500000e+02 5.36500000e+02 3.33500000e+02
  5.71500000e+02 3.57500000e+02 5.69500000e+02 4.19500000e+02
  4.06500000e+02 2.73500000e+02 5.56500000e+02 3.59500000e+02
  5.71500000e+02 3.27500000e+02 4.78500000e+02 3.73500000e+02
  6.01500000e+02 2.11500000e+02 5.69500000e+02 2.09500000e+02
  5.55500000e+02 2.39500000e+02 1.39500000e+02 4.27500000e+02
  6.15500000e+02 1.83500000e+02 5.86500000e+02 2.69500000e+02
  5.69500000e+02 1.51500000e+02 4.05500000e+02 9.15000000e+01
  5.70500000e+02 3.89500000e+02 4.06500000e+02 1.99500000e+02
  4.27500000e+02 2.37500000e+02 6.15500000e+02 1.57500000e+02
  1.14500000e+02 4.75000000e+01 5.71500000e+02 2.97500000e+02
  5.70500000e+02 2.69500000e+02 6.02500000e+02 2.95500000e+02
  4.06500000e+02 2.37500000e+02 5.99500000e+02 1.55500000e+02
  5.99500000e+02 1.03500000e+02 5.18500000e+02 2.70500000e+02
  6.02500000e+02 2.39500000e+02 5.69500000e+02 2.39500000e+02
  4.05500000e+02 1.25500000e+02 4.07500000e+02 3.85500000e+02
  4.08500000e+02 3.13500000e+02 6.02500000e+02 3.23500000e+02
  5.87500000e+02 3.85500000e+02 4.05500000e+02 1.63500000e+02
  5.87500000e+02 3.57500000e+02 5.56500000e+02 7.85000000e+01
  6.16500000e+02 2.11500000e+02 6.24500000e+02 1.31500000e+02
  6.02500000e+02 3.51500000e+02 6.17500000e+02 3.23500000e+02
  5.87500000e+02 2.41500000e+02 6.17500000e+02 3.77500000e+02
  6.02500000e+02 2.67500000e+02 6.02500000e+02 4.07500000e+02
  5.88500000e+02 2.97500000e+02 5.83500000e+02 9.65000000e+01
  6.02500000e+02 4.35500000e+02 6.17500000e+02 2.69500000e+02
  4.26500000e+02 6.15000000e+01 6.17500000e+02 3.49500000e+02
  6.02500000e+02 3.83500000e+02 6.17500000e+02 2.95500000e+02
  6.17500000e+02 2.41500000e+02 6.12500000e+02 1.03500000e+02
  5.54500000e+02 6.75000000e+01 5.48500000e+02 8.15000000e+01
  6.00500000e+02 2.94500000e+02 1.00500000e+02 3.39500000e+02
  1.12500000e+02 9.35000000e+01 6.24500000e+02 1.58500000e+02
  6.15500000e+02 4.07500000e+02 5.63500000e+02 5.35000000e+01
  1.68500000e+02 5.55000000e+01 1.67500000e+02 1.15500000e+02
  1.38500000e+02 4.95000000e+01 1.81500000e+02 5.95000000e+01
  5.20500000e+02 5.75000000e+01 5.01500000e+02 5.75000000e+01
  4.10500000e+02 3.49500000e+02 6.24500000e+02 4.15000000e+01
  6.16500000e+02 4.30500000e+02 1.25500000e+02 1.85500000e+02
  2.39500000e+02 4.13500000e+02 4.04500000e+02 5.35000000e+01
  5.38500000e+02 5.15000000e+01 6.24500000e+02 6.75000000e+01
  1.52500000e+02 3.33500000e+02 6.14500000e+02 7.55000000e+01
  2.12500000e+02 3.81500000e+02 2.62500000e+02 3.61500000e+02
  9.65000000e+01 3.51500000e+02 1.25500000e+02 9.35000000e+01
  1.69500000e+02 3.96500000e+02 2.10500000e+02 4.05500000e+02
