<?xml version="1.0"?>
<opencv_storage>
<first_points>
  400. 297. 203. 76. 248. 60. 491. 64. 257. 169. 291. 247. 357. 346.
  315. 46. 149. 78. 477. 62. 346. 341. 259. 203. 163. 212. 285. 45. 173.
  56. 463. 61. 283. 71. 250. 379. 250. 242. 210. 67. 115. 210. 526. 62.
  64. 391. 166. 252. 219. 52. 210. 164. 318. 62. 428. 54. 119. 158. 285.
  200. 190. 291. 445. 57. 503. 58. 184. 353. 269. 72. 513. 64. 275. 53.
  493. 54. 334. 325. 188. 255. 80. 166. 524. 43. 228. 350. 191. 52. 329.
  172. 479. 45. 363. 149. 170. 198. 559. 229. 414. 315. 477. 385. 175.
  323. 368. 252. 240. 236. 262. 324. 143. 218. 147. 138. 450. 228. 529.
  235. 438. 324. 209. 51. 293. 231. 159. 86. 382. 256. 515. 234. 514.
  49. 108. 198. 448. 132. 261. 230. 243. 98. 488. 92. 474. 118. 122.
  199. 233. 362. 395. 237. 202. 100. 205. 133. 229. 48. 373. 322. 167.
  130. 393. 254. 217. 190. 230. 384. 218. 178. 103. 215. 489. 327. 274.
  216. 162. 118. 318. 236. 283. 228. 231. 211. 164. 98. 263. 90. 261.
  124. 547. 229. 202. 338. 263. 107. 454. 266. 127. 182. 374. 180. 363.
  236. 476. 196. 375. 237. 108. 167. 406. 257. 193. 129. 551. 331. 59.
  242. 93. 193. 60. 173. 283. 136. 244. 88. 354. 230. 54. 161. 218. 200.
  134. 78. 375. 222. 333. 126. 170. 279. 437. 268. 311. 204. 48. 68.
  233. 248. 387. 167. 192. 118. 56. 380. 180. 118. 183. 173. 485. 119.
  223. 291. 303. 93. 373. 130. 247. 172. 180. 136. 475. 136. 88. 225.
  104. 132. 127. 214. 176. 86. 140. 179. 182. 99. 407. 131. 303. 110.
  277. 168. 341. 168. 490. 234. 538. 122. 313. 249. 351. 180. 331. 76.
  269. 238. 373. 170. 212. 350. 102. 114. 188. 87. 475. 164. 391. 320.
  440. 278. 115. 185. 300. 321. 462. 282. 245. 195. 507. 228. 358. 172.
  303. 137. 189. 150. 206. 318. 507. 136. 363. 137. 539. 142. 243. 133.
  133. 162. 45. 177. 96. 70. 536. 102. 509. 162. 198. 182. 190. 204.
  444. 381. 196. 319. 381. 343. 67. 164. 136. 209. 578. 235. 392. 130.
  377. 355. 293. 71. 203. 117. 418. 249. 436. 237. 428. 253. 364. 56.
  425. 268. 252. 324. 334. 336. 489. 136. 228. 200. 303. 148. 77. 393.
  245. 353. 305. 59. 273. 88. 540. 186. 412. 293. 182. 195. 115. 113.
  382. 62. 295. 207. 204. 174. 224. 277. 387. 95. 142. 195. 502. 43.
  427. 72. 521. 138. 365. 280. 400. 330. 48. 44. 99. 159. 375. 118. 422.
  278. 353. 134. 87. 64. 383. 280. 322. 204. 439. 292. 405. 71. 281.
  112. 249. 116. 327. 183. 202. 354. 227. 329. 171. 186. 167. 44. 343.
  147. 236. 81. 373. 73. 368. 200. 568. 124. 291. 86. 237. 177. 273.
  228. 507. 326. 136. 136. 373. 90. 44. 164. 359. 327. 491. 196. 173.
  358. 143. 270. 510. 200. 377. 156. 178. 152. 125. 105. 226. 66. 221.
  341. 406. 208. 237. 279. 42. 80. 305. 120. 501. 78. 181. 184. 201.
  193. 182. 163. 218. 140. 218. 94. 303. 158. 166. 141. 119. 126. 461.
  249. 407. 279. 106. 50. 520. 163. 125. 241. 241. 108. 76. 69. 341.
  157. 221. 363. 236. 59. 231. 187. 597. 277. 355. 156. 190. 140. 224.
  259. 531. 330. 385. 197. 488. 164. 336. 205. 447. 242. 385. 208. 91.
  165. 579. 284. 335. 193. 52. 394. 268. 174. 189. 266. 323. 138. 124.
  61. 285. 212. 485. 103. 281. 122. 98. 234. 58. 183. 47. 56. 84. 112.
  518. 328. 111. 102. 570. 189. 74. 229. 283. 154. 239. 344. 96. 206.
  429. 316. 240. 121. 564. 100. 224. 82. 97. 56. 432. 284. 321. 154.
  201. 87. 112. 229. 570. 166. 449. 253. 207. 365. 79. 56. 244. 143.
  232. 230. 404. 318. 195. 169. 323. 126. 406. 170. 78. 192. 369. 110.
  272. 354. 340. 88. 411. 326. 324. 194. 338. 114. 450. 90. 522. 200.
  414. 237. 261. 216. 378. 102. 199. 44. 383. 142. 451. 103. 169. 266.
  478. 402. 62. 120. 381. 331. 68. 377. 103. 370. 223. 150. 539. 73.
  240. 153. 363. 189. 434. 94. 174. 110. 79. 375. 349. 80. 200. 205.
  149. 256. 98. 90. 79. 124. 121. 169. 45. 402. 405. 146. 478. 330. 247.
  227. 401. 87. 75. 154. 57. 50. 65. 68. 333. 144. 439. 255. 391. 70.
  363. 84. 372. 265. 367. 353. 452. 74. 481. 72. 480. 278. 422. 330.
  408. 120. 215. 282. 364. 68. 74. 208. 114. 91. 44. 388. 229. 317. 560.
  75. 57. 229. 431. 140. 44. 150. 146. 399. 305. 278. 274. 317. 497.
  304. 317. 179. 238. 43. 390. 264. 130. 116. 430. 112. 500. 271. 448.
  328. 204. 154. 353. 119. 496. 284. 135. 365. 220. 168. 384. 184. 131.
  224. 349. 208. 284. 347. 101. 104. 271. 127. 365. 159. 447. 117. 323.
  110. 449. 143. 469. 325. 462. 260. 255. 344. 499. 99. 579. 333. 393.
  118. 543. 59. 301. 310. 575. 103. 128. 92. 190. 281. 516. 178. 265.
  310. 437. 128. 63. 362. 107. 64. 46. 96. 397. 98. 300. 299. 199. 257.
  46. 111. 62. 200. 364. 337. 174. 310. 208. 263. 254. 45. 177. 372.
  436. 82. 289. 312. 559. 109. 86. 203. 293. 113. 109. 241. 400. 246.
  390. 82. 92. 132. 125. 46. 286. 297. 238. 306. 130. 351. 293. 218.
  357. 357. 395. 370. 208. 308. 287. 325. 397. 272. 592. 79. 353. 44.
  148. 90. 236. 265. 409. 81. 309. 172. 134. 66. 453. 50. 313. 340. 582.
  77. 130. 127. 550. 84. 219. 304. 177. 296. 246. 182. 531. 134. 460.
  42. 432. 194. 176. 249. 205. 285. 361. 126. 417. 374. 324. 218. 365.
  98. 451. 276. 543. 301. 496. 372. 537. 41. 433. 154. 116. 79. 417. 95.
  219. 315. 366. 313. 337. 346. 151. 362. 413. 140. 133. 190. 90. 176.
  442. 174. 408. 108. 541. 211. 430. 182. 576. 174. 103. 185. 199. 268.
  353. 145. 572. 69. 321. 332. 393. 218. 424. 237. 87. 243. 245. 314.
  352. 92. 66. 105. 284. 360. 90. 97. 347. 104. 67. 189. 411. 268. 427.
  370. 119. 220. 471. 310. 394. 360. 138. 261. 496. 336. 507. 304. 232.
  97. 211. 251. 516. 212. 274. 304. 93. 372. 126. 258. 523. 302.</first_points>
