<?xml version="1.0"?>
<opencv_storage>
<first_points>
  399. 137. 425. 285. 364. 154. 339. 122. 338. 266. 409. 140. 399. 162.
  337. 177. 339. 151. 254. 132. 252. 164. 365. 239. 338. 238. 322. 145.
  367. 212. 272. 268. 354. 294. 307. 237. 479. 62. 353. 210. 291. 108.
  273. 103. 366. 184. 273. 136. 389. 212. 254. 98. 306. 172. 353. 182.
  253. 305. 468. 51. 271. 200. 339. 209. 401. 317. 325. 297. 389. 238.
  365. 295. 252. 268. 317. 45. 273. 169. 290. 236. 367. 267. 352. 266.
  493. 64. 325. 238. 252. 198. 379. 238. 272. 234. 366. 322. 399. 187.
  274. 301. 410. 189. 352. 238. 322. 87. 233. 197. 465. 61. 389. 264.
  233. 163. 233. 126. 234. 93. 390. 111. 378. 265. 402. 265. 528. 62.
  402. 240. 403. 289. 366. 103. 338. 298. 389. 293. 252. 233. 400. 213.
  503. 65. 234. 235. 233. 269. 495. 53. 513. 63. 527. 46. 411. 216. 411.
  316. 376. 106. 175. 56. 197. 52. 410. 166. 214. 54. 507. 50. 156. 53.
  513. 228. 490. 92. 204. 268. 152. 268. 82. 238. 129. 202. 447. 56.
  484. 53. 531. 236. 320. 61. 205. 198. 179. 304. 82. 205. 206. 305.
  204. 233. 127. 237. 476. 118. 128. 302. 152. 202. 129. 269. 104. 204.
  127. 107. 151. 170. 129. 137. 130. 335. 430. 54. 179. 165. 153. 236.
  153. 302. 41. 299. 177. 133. 177. 201. 61. 269. 205. 163. 204. 130.
  179. 270. 515. 41. 478. 196. 127. 172. 152. 136. 540. 122. 63. 300.
  203. 97. 151. 104. 549. 229. 177. 100. 177. 234. 106. 110. 104. 267.
  104. 237. 42. 209. 82. 267. 186. 52. 487. 119. 425. 340. 463. 282. 43.
  70. 477. 164. 511. 162. 541. 142. 438. 237. 492. 234. 168. 44. 491.
  136. 509. 136. 477. 136. 582. 236. 41. 269. 430. 253. 512. 200. 519.
  53. 490. 164. 543. 186. 505. 234. 538. 103. 493. 196. 464. 272. 179.
  66. 570. 124. 463. 249. 509. 326. 366. 89. 523. 138. 219. 43. 581.
  284. 572. 188. 573. 100. 524. 228. 445. 248. 522. 162. 453. 103. 408.
  71. 487. 102. 524. 200. 499. 321. 591. 278. 428. 72. 452. 90. 454.
  241. 371. 68. 76. 46. 572. 166. 573. 230. 502. 78. 378. 92. 231. 41.
  180. 43. 425. 239. 306. 59. 512. 75. 464. 260. 393. 70. 353. 84. 336.
  77. 88. 60. 78. 71. 462. 43. 204. 43. 501. 99. 453. 254. 485. 277.
  540. 41. 499. 303. 541. 57. 501. 271. 498. 283. 194. 42. 481. 41. 583.
  76. 530. 76. 594. 78. 545. 308. 406. 83. 66. 67. 480. 72. 453. 73.
  552. 84. 518. 178. 535. 308. 525. 302. 383. 69. 453. 48. 583. 86. 518.
  213. 537. 178. 499. 42. 543. 211. 556. 301. 552. 141. 375. 81. 465.
  75. 533. 134. 55. 76. 509. 304. 332. 66. 560. 45. 473. 311. 512. 126.
  492. 77. 511. 146. 454. 332. 55. 63. 90. 46.</first_points>
<last_points>
  4.67500000e+02 1.42500000e+02 4.88500000e+02 2.84500000e+02
  4.36500000e+02 1.58500000e+02 4.17500000e+02 1.26500000e+02
  4.15500000e+02 2.65500000e+02 4.73500000e+02 1.44500000e+02
  4.67500000e+02 1.66500000e+02 4.15500000e+02 1.81500000e+02
  4.17500000e+02 1.56500000e+02 3.49500000e+02 1.36500000e+02
  3.48500000e+02 1.68500000e+02 4.38500000e+02 2.39500000e+02
  4.15500000e+02 2.37500000e+02 4.04500000e+02 1.50500000e+02
  4.40500000e+02 2.11500000e+02 3.64500000e+02 2.67500000e+02
  4.31500000e+02 2.93500000e+02 3.65500000e+02 2.36500000e+02
  5.05500000e+02 6.65000000e+01 4.31500000e+02 2.09500000e+02
  3.79500000e+02 1.12500000e+02 3.63500000e+02 1.08500000e+02
  4.38500000e+02 1.85500000e+02 3.64500000e+02 1.40500000e+02
  4.57500000e+02 2.11500000e+02 3.48500000e+02 1.02500000e+02
  3.91500000e+02 1.76500000e+02 4.30500000e+02 1.86500000e+02
  3.49500000e+02 3.05500000e+02 4.94500000e+02 5.65000000e+01
  3.64500000e+02 2.00500000e+02 4.17500000e+02 2.09500000e+02
  4.69500000e+02 3.17500000e+02 4.08500000e+02 2.97500000e+02
  4.57500000e+02 2.37500000e+02 4.38500000e+02 2.95500000e+02
  3.49500000e+02 2.67500000e+02 3.48500000e+02 4.85000000e+01
  3.64500000e+02 1.74500000e+02 3.48500000e+02 2.34500000e+02
  4.40500000e+02 2.67500000e+02 4.29500000e+02 2.65500000e+02
  5.18500000e+02 6.85000000e+01 3.82500000e+02 2.36500000e+02
  3.48500000e+02 1.98500000e+02 4.51500000e+02 2.37500000e+02
  3.64500000e+02 2.33500000e+02 4.38500000e+02 3.19500000e+02
  4.67500000e+02 1.88500000e+02 3.65500000e+02 3.01500000e+02
  4.73500000e+02 1.90500000e+02 4.29500000e+02 2.37500000e+02
  4.04500000e+02 9.35000000e+01 3.33500000e+02 1.99500000e+02
  4.92500000e+02 6.65000000e+01 4.57500000e+02 2.63500000e+02
  3.34500000e+02 1.68500000e+02 3.33500000e+02 1.30500000e+02
  3.32500000e+02 9.85000000e+01 4.57500000e+02 1.16500000e+02
  4.50500000e+02 2.65500000e+02 4.69500000e+02 2.65500000e+02
  5.52500000e+02 6.65000000e+01 4.69500000e+02 2.39500000e+02
  4.71500000e+02 2.89500000e+02 4.38500000e+02 1.08500000e+02
  4.15500000e+02 2.97500000e+02 4.57500000e+02 2.93500000e+02
  3.48500000e+02 2.33500000e+02 4.67500000e+02 2.13500000e+02
  5.28500000e+02 7.05000000e+01 3.34500000e+02 2.35500000e+02
  3.34500000e+02 2.69500000e+02 5.20500000e+02 5.85000000e+01
  5.38500000e+02 6.85000000e+01 5.52500000e+02 5.05000000e+01
  4.75500000e+02 2.15500000e+02 4.75500000e+02 3.15500000e+02
  4.47500000e+02 1.10500000e+02 2.11500000e+02 5.85000000e+01
  2.31500000e+02 5.45000000e+01 4.73500000e+02 1.67500000e+02
  2.46500000e+02 5.55000000e+01 5.32500000e+02 5.45000000e+01
  1.90500000e+02 5.75000000e+01 5.38500000e+02 2.27500000e+02
  5.15500000e+02 9.65000000e+01 3.02500000e+02 2.67500000e+02
  2.48500000e+02 2.67500000e+02 1.74500000e+02 2.37500000e+02
  2.23500000e+02 2.01500000e+02 4.74500000e+02 5.85000000e+01
  5.08500000e+02 5.85000000e+01 5.56500000e+02 2.35500000e+02
  3.63500000e+02 6.35000000e+01 3.03500000e+02 1.98500000e+02
  2.77500000e+02 3.03500000e+02 1.74500000e+02 2.05500000e+02
  3.05500000e+02 3.05500000e+02 3.02500000e+02 2.33500000e+02
  2.21500000e+02 2.37500000e+02 5.01500000e+02 1.19500000e+02
  2.21500000e+02 3.01500000e+02 2.47500000e+02 2.01500000e+02
  2.23500000e+02 2.69500000e+02 1.96500000e+02 2.03500000e+02
  2.21500000e+02 1.12500000e+02 2.47500000e+02 1.73500000e+02
  2.23500000e+02 1.42500000e+02 2.23500000e+02 3.34500000e+02
  4.58500000e+02 5.75000000e+01 2.77500000e+02 1.70500000e+02
  2.49500000e+02 2.35500000e+02 2.50500000e+02 3.01500000e+02
  1.29500000e+02 2.99500000e+02 2.75500000e+02 1.38500000e+02
  2.75500000e+02 2.01500000e+02 1.08500000e+02 2.69500000e+02
  3.03500000e+02 1.68500000e+02 3.01500000e+02 1.34500000e+02
  2.77500000e+02 2.69500000e+02 5.40500000e+02 4.65000000e+01
  5.02500000e+02 1.95500000e+02 2.21500000e+02 1.75500000e+02
  2.47500000e+02 1.40500000e+02 5.64500000e+02 1.24500000e+02
  1.11500000e+02 2.97500000e+02 3.01500000e+02 1.02500000e+02
  2.47500000e+02 1.08500000e+02 5.74500000e+02 2.29500000e+02
  2.75500000e+02 1.04500000e+02 2.75500000e+02 2.33500000e+02
  1.98500000e+02 1.14500000e+02 1.96500000e+02 2.67500000e+02
  1.96500000e+02 2.37500000e+02 1.29500000e+02 2.09500000e+02
  1.74500000e+02 2.67500000e+02 2.20500000e+02 5.45000000e+01
  5.13500000e+02 1.20500000e+02 4.88500000e+02 3.39500000e+02
  4.92500000e+02 2.81500000e+02 8.15000000e+01 6.95000000e+01
  5.03500000e+02 1.63500000e+02 5.36500000e+02 1.61500000e+02
  5.66500000e+02 1.42500000e+02 4.89500000e+02 2.37500000e+02
  5.17500000e+02 2.33500000e+02 2.02500000e+02 4.65000000e+01
  5.17500000e+02 1.36500000e+02 5.34500000e+02 1.35500000e+02
  5.03500000e+02 1.36500000e+02 6.04500000e+02 2.35500000e+02
  8.95000000e+01 2.69500000e+02 4.94500000e+02 2.52500000e+02
  5.36500000e+02 1.99500000e+02 5.44500000e+02 5.85000000e+01
  5.15500000e+02 1.63500000e+02 5.68500000e+02 1.85500000e+02
  5.30500000e+02 2.33500000e+02 5.62500000e+02 1.08500000e+02
  5.19500000e+02 1.95500000e+02 4.92500000e+02 2.71500000e+02
  2.74500000e+02 7.25000000e+01 5.93500000e+02 1.25500000e+02
  5.02500000e+02 2.49500000e+02 5.42500000e+02 3.25500000e+02
  4.38500000e+02 9.45000000e+01 5.48500000e+02 1.37500000e+02
  2.54500000e+02 4.75000000e+01 6.06500000e+02 2.83500000e+02
  5.95500000e+02 1.87500000e+02 5.98500000e+02 1.04500000e+02
  5.48500000e+02 2.27500000e+02 5.00500000e+02 2.47500000e+02
  5.46500000e+02 1.61500000e+02 4.81500000e+02 1.06500000e+02
