parallel_cube:
Rotation Matrix, R:

0.999950 -0.002928 -0.009526 
0.003002 0.999965 0.007756 
0.009503 -0.007785 0.999925 

Translation Matrix, T:

0.995194 
0.001927 
0.097904 

Essential Matrix, E:

0.000276 0.097915 -0.001168 
-0.088441 -0.007460 0.996052 
-0.001061 -0.995165 -0.007737 

Fundamental Matrix, F:

0.000000 0.000056 -0.015224 
-0.000051 -0.000009 0.489422 
0.011913 -0.488840 1.000000


parallel_real:
Rotation Matrix, R:

0.999964 0.004020 0.007539 
-0.004067 0.999973 0.006190 
-0.007514 -0.006221 0.999952 

Translation Matrix, T:

0.776560 
0.122206 
0.618078 

Essential Matrix, E:

-0.001596 0.618821 -0.118374 
-0.623890 -0.007316 0.771864 
0.125360 -0.776048 -0.003886 

Fundamental Matrix, F:

0.000000 0.000047 -0.019322 
-0.000045 -0.000001 0.061164 
0.018545 -0.063030 1.000000


turned_cube:
Rotation Matrix, R:

0.999086 0.040746 -0.012944 
-0.040051 0.997942 0.050071 
0.014958 -0.049507 0.998662 

Translation Matrix, T:

0.776653 
0.000942 
0.629928 

Essential Matrix, E:

-0.025243 0.628678 0.030601 
-0.617735 -0.064117 0.783767 
0.032047 -0.775016 -0.038900 

Fundamental Matrix, F:

-0.000000 0.000107 -0.027157 
-0.000098 -0.000021 0.140196 
0.024917 -0.138716 1.000000


turned_real:
Rotation Matrix, R:

0.999327 -0.004751 0.036372 
0.004824 0.999986 -0.001931 
-0.036363 0.002106 0.999336 

Translation Matrix, T:

0.080220 
0.109969 
0.990692 

Essential Matrix, E:

0.008778 0.990448 -0.111809 
-0.992943 0.004876 0.044133 
0.109508 -0.080742 0.004155 

Fundamental Matrix, F:

0.000000 0.000070 -0.024442 
-0.000069 0.000001 0.025373 
0.023781 -0.028265 1.000000
