<?xml version="1.0"?>
<opencv_storage>
<rotation type_id="opencv-matrix">
  <rows>3</rows>
  <cols>3</cols>
  <dt>d</dt>
  <data>
    9.9996350027996894e-01 4.0204576565253808e-03 7.5388346622470293e-03
    -4.0671638823559092e-03 9.9997256846524774e-01
    6.1903549954515080e-03 -7.5137398003039535e-03
    -6.2207907252805755e-03 9.9995242160663089e-01</data></rotation>
<t type_id="opencv-matrix">
  <rows>3</rows>
  <cols>1</cols>
  <dt>d</dt>
  <data>
    7.7656017687186285e-01 1.2220611177784686e-01 6.1807763099863244e-01</data></t>
</opencv_storage>
