0.999899 0.001554 0.014112 -0.737010 -0.001569 0.999998 0.001101 -0.231029 -0.014111 -0.001123 0.999900 1.741915 
0.999721 0.003644 0.023320 -0.790707 -0.003663 0.999993 0.000790 -0.236677 -0.023317 -0.000875 0.999728 2.740456 
0.999623 0.003755 0.027203 -0.827722 -0.003745 0.999993 -0.000402 -0.259409 -0.027205 0.000300 0.999630 3.739512 
0.999667 0.004055 0.025474 -0.808788 -0.003997 0.999989 -0.002303 -0.249241 -0.025483 0.002200 0.999673 4.739281 
0.999807 0.002496 0.019504 -0.849327 -0.002416 0.999989 -0.004130 -0.240393 -0.019514 0.004082 0.999801 5.738420 
0.999976 0.000146 0.006916 -0.838171 -0.000105 0.999983 -0.005911 -0.251365 -0.006916 0.005911 0.999959 6.738298 
0.999932 -0.001323 -0.011616 -0.758637 0.001263 0.999986 -0.005166 -0.320030 0.011623 0.005151 0.999919 7.732762 
0.999479 0.005078 -0.031879 -0.714491 -0.005220 0.999977 -0.004370 -0.328154 0.031856 0.004534 0.999482 8.731754 
0.998597 0.008227 -0.052314 -0.776901 -0.008554 0.999945 -0.006019 -0.309940 0.052262 0.006458 0.998613 9.729638 
0.997207 0.008036 -0.074255 -0.771743 -0.008505 0.999946 -0.006005 -0.305158 0.074203 0.006620 0.997221 10.729614 
0.995523 0.007348 -0.094234 -0.937657 -0.007857 0.999956 -0.005030 -0.329155 0.094193 0.005748 0.995537 11.715462 
0.993261 0.003537 -0.115842 -1.007061 -0.004032 0.999984 -0.004043 -0.339882 0.115826 0.004483 0.993259 12.712993 
0.991232 0.006845 -0.131956 -1.257610 -0.007202 0.999972 -0.002221 -0.391081 0.131937 0.003152 0.991253 13.679742 
0.989080 0.006949 -0.147217 -1.469247 -0.007127 0.999974 -0.000686 -0.424365 0.147208 0.001728 0.989104 14.656523 
0.986953 0.006645 -0.160874 -1.657952 -0.006738 0.999977 -0.000033 -0.456880 0.160870 0.001116 0.986975 15.638019 
0.984752 0.003234 -0.173935 -1.817639 -0.003476 0.999993 -0.001089 -0.459726 0.173930 0.001677 0.984757 16.625182 
0.982987 -0.000946 -0.183673 -2.024170 0.000189 0.999991 -0.004136 -0.453261 0.183676 0.004031 0.982979 17.603601 
0.981546 -0.000153 -0.191226 -2.245260 -0.000985 0.999982 -0.005854 -0.463692 0.191223 0.005935 0.981529 18.578799 
0.979962 -0.000443 -0.199183 -2.447622 -0.001173 0.999967 -0.007991 -0.461640 0.199180 0.008064 0.979930 19.558107 
0.978042 -0.002747 -0.208388 -2.633779 0.000489 0.999941 -0.010884 -0.469672 0.208406 0.010543 0.977986 20.540595 
0.976065 -0.007211 -0.217361 -2.819741 0.004625 0.999912 -0.012404 -0.501214 0.217432 0.011102 0.976012 21.522645 
0.974015 -0.014569 -0.226013 -2.993342 0.011821 0.999839 -0.013508 -0.523063 0.226174 0.010486 0.974031 22.507219 
0.971463 -0.018367 -0.236479 -3.215900 0.015056 0.999762 -0.015799 -0.555705 0.236713 0.011788 0.971508 23.481592 
0.969341 -0.015787 -0.245211 -3.531955 0.011180 0.999734 -0.020167 -0.572641 0.245464 0.016807 0.969260 24.430181 
0.967248 -0.010622 -0.253612 -3.777657 0.005042 0.999731 -0.022642 -0.595613 0.253785 0.020622 0.967041 25.399254 
0.965269 -0.012844 -0.260940 -4.131514 0.006933 0.999698 -0.023560 -0.654273 0.261164 0.020933 0.965067 26.332712 
0.962923 -0.016465 -0.269273 -4.425298 0.009734 0.999606 -0.026315 -0.686604 0.269600 0.022718 0.962704 27.288038 
0.961173 -0.012783 -0.275649 -4.724816 0.005277 0.999595 -0.027956 -0.745393 0.275895 0.025416 0.960852 28.240315 
0.958863 -0.012906 -0.283576 -5.035735 0.004327 0.999514 -0.030859 -0.797766 0.283836 0.028362 0.958453 29.189307 
0.956674 -0.013878 -0.290831 -5.359592 0.003614 0.999352 -0.035798 -0.845797 0.291139 0.033196 0.956105 30.134193 
0.954916 -0.015198 -0.296487 -5.674525 0.002550 0.999072 -0.043001 -0.898432 0.296866 0.040306 0.954068 31.081847 
0.953786 -0.014774 -0.300124 -5.987773 -0.000424 0.998723 -0.050511 -0.949543 0.300487 0.048304 0.952562 32.030142 
0.952487 -0.015298 -0.304195 -6.307098 -0.002901 0.998237 -0.059284 -1.000220 0.304565 0.057350 0.950763 32.976431 
0.951202 -0.015357 -0.308188 -6.658229 -0.005933 0.997666 -0.068027 -1.065789 0.308513 0.066536 0.948890 33.910459 
0.949995 -0.013957 -0.311954 -6.981641 -0.010074 0.997111 -0.075289 -1.132040 0.312104 0.074666 0.947109 34.854395 
0.948139 -0.014331 -0.317532 -7.321775 -0.012656 0.996489 -0.082764 -1.204561 0.317603 0.082490 0.944629 35.791971 
0.946314 -0.014090 -0.322941 -7.650501 -0.015476 0.995929 -0.088801 -1.281448 0.322878 0.089031 0.942244 36.733262 
0.944825 -0.011488 -0.327374 -8.006304 -0.020518 0.995347 -0.094145 -1.369223 0.326933 0.095668 0.940193 37.663692 
0.943185 -0.006560 -0.332203 -8.339925 -0.027281 0.994901 -0.097102 -1.464904 0.331146 0.100648 0.938196 38.601531 
0.941777 -0.004417 -0.336209 -8.725062 -0.030443 0.994687 -0.098344 -1.568756 0.334857 0.102854 0.936639 39.518528 
0.939331 -0.005273 -0.342971 -9.061517 -0.029904 0.994816 -0.097197 -1.675129 0.341706 0.101556 0.934304 40.454201 
0.936470 -0.009335 -0.350625 -9.408347 -0.025992 0.995050 -0.095912 -1.774020 0.349785 0.098933 0.931592 41.386901 
0.933808 -0.010112 -0.357633 -9.768406 -0.025264 0.995241 -0.094107 -1.873866 0.356883 0.096913 0.929109 42.314472 
0.929417 -0.013127 -0.368797 -10.076486 -0.022374 0.995524 -0.091821 -1.966674 0.368352 0.093592 0.924963 43.261295 
0.926179 -0.011038 -0.376922 -10.472150 -0.023132 0.996026 -0.086007 -2.061974 0.376374 0.088376 0.922243 44.174732 
0.922239 -0.009054 -0.386515 -10.852147 -0.024295 0.996393 -0.081308 -2.144412 0.385857 0.084375 0.918692 45.096039 
0.918669 -0.004996 -0.394996 -11.262597 -0.027782 0.996627 -0.077221 -2.234519 0.394049 0.081914 0.915432 46.003459 
0.914170 -0.006451 -0.405279 -11.652046 -0.026393 0.996804 -0.075401 -2.313007 0.404471 0.079626 0.911078 46.921157 
0.910136 -0.006496 -0.414260 -12.078016 -0.026973 0.996827 -0.074890 -2.392389 0.413432 0.079333 0.907072 47.822405 
0.906270 -0.005817 -0.422660 -12.502478 -0.027943 0.996894 -0.073634 -2.476955 0.421775 0.078543 0.903292 48.723893 
0.902346 -0.005372 -0.430979 -12.953727 -0.028397 0.997009 -0.071883 -2.552965 0.430076 0.077102 0.899494 49.613048 
0.899038 -0.004700 -0.437846 -13.423852 -0.028673 0.997164 -0.069578 -2.629366 0.436932 0.075108 0.896353 50.492335 
0.894504 -0.006100 -0.447019 -13.855126 -0.026191 0.997474 -0.066021 -2.699646 0.446292 0.070764 0.892085 51.391814 
0.891168 -0.002826 -0.453665 -14.326313 -0.027533 0.997801 -0.060300 -2.768143 0.452838 0.066228 0.889130 52.271184 
0.886613 -0.004853 -0.462486 -14.792652 -0.023749 0.998148 -0.056002 -2.845512 0.461901 0.060635 0.884856 53.152401 
0.883244 -0.004294 -0.468894 -15.286028 -0.023648 0.998278 -0.053688 -2.917543 0.468317 0.058508 0.881621 54.019229 
0.880250 -0.004806 -0.474486 -15.768878 -0.023160 0.998322 -0.053079 -2.949319 0.473944 0.057712 0.878662 54.894355 
0.877217 -0.002411 -0.480088 -16.208658 -0.025588 0.998331 -0.051766 -2.995394 0.479411 0.057694 0.875692 55.791278 
0.874165 -0.003515 -0.485617 -16.708245 -0.024043 0.998434 -0.050507 -3.054713 0.485034 0.055827 0.872711 56.655508 
0.871181 -0.005258 -0.490933 -17.179127 -0.022586 0.998455 -0.050773 -3.114339 0.490442 0.055321 0.869716 57.535687 
0.868968 -0.007320 -0.494815 -17.696503 -0.020895 0.998456 -0.051466 -3.162227 0.494427 0.055061 0.867473 58.390104 
0.867066 -0.006124 -0.498155 -18.139606 -0.022876 0.998380 -0.052091 -3.213190 0.497667 0.056562 0.865522 59.285126 
0.866393 -0.006600 -0.499319 -18.638851 -0.021901 0.998448 -0.051199 -3.269192 0.498882 0.055294 0.864904 60.149774 
0.865917 -0.007087 -0.500138 -19.138744 -0.020250 0.998583 -0.049209 -3.334730 0.499778 0.052738 0.864546 61.013379 
0.864712 -0.012174 -0.502120 -19.645234 -0.014210 0.998713 -0.048685 -3.384039 0.502066 0.049234 0.863427 61.874213 
0.864069 -0.014369 -0.503168 -20.166159 -0.011950 0.998725 -0.049043 -3.444525 0.503232 0.048390 0.862796 62.725670 
0.862932 -0.015282 -0.505090 -20.661537 -0.011381 0.998701 -0.049661 -3.494416 0.505193 0.048603 0.861637 63.592914 
0.861600 -0.014253 -0.507388 -21.179585 -0.011365 0.998813 -0.047356 -3.554317 0.507461 0.046568 0.860415 64.446165 
0.858988 -0.015411 -0.511764 -21.678692 -0.008331 0.998994 -0.044067 -3.600288 0.511929 0.042116 0.857995 65.311485 
0.856328 -0.016506 -0.516168 -22.232406 -0.004982 0.999179 -0.040218 -3.651281 0.516408 0.037011 0.855543 66.142629 
0.851263 -0.017888 -0.524434 -22.713030 -0.003092 0.999231 -0.039100 -3.695551 0.524729 0.034906 0.850553 67.018438 
0.845986 -0.020790 -0.532800 -23.247474 -0.001401 0.999149 -0.041212 -3.754843 0.533203 0.035611 0.845237 67.861560 
0.840031 -0.025792 -0.541926 -23.834436 0.001882 0.999002 -0.044629 -3.804015 0.542536 0.036470 0.839241 68.669679 
0.833913 -0.027067 -0.551231 -24.414986 0.003112 0.999011 -0.044346 -3.856120 0.551887 0.035265 0.833173 69.482235 
0.827355 -0.023959 -0.561169 -24.951101 0.002595 0.999242 -0.038838 -3.921531 0.561674 0.030677 0.826790 70.323842 
0.822550 -0.020261 -0.568332 -25.564518 0.000692 0.999400 -0.034628 -3.965421 0.568693 0.028090 0.822070 71.112380 
0.819155 -0.018771 -0.573266 -26.167709 -0.002357 0.999346 -0.036090 -4.016712 0.573568 0.030915 0.818574 71.908327 
0.815695 -0.022818 -0.578032 -26.785208 -0.000575 0.999189 -0.040255 -4.067319 0.578482 0.033168 0.815021 72.693268 
0.811640 -0.028613 -0.583457 -27.367137 0.001173 0.998877 -0.047354 -4.124016 0.584157 0.037750 0.810762 73.504529 
0.808187 -0.030486 -0.588136 -27.969901 0.002141 0.998805 -0.048831 -4.180666 0.588922 0.038205 0.807286 74.300436 
0.805188 -0.028753 -0.592323 -28.593352 0.002732 0.998993 -0.044779 -4.238047 0.593014 0.034437 0.804456 75.080189 
0.802033 -0.025898 -0.596718 -29.199886 0.002772 0.999210 -0.039640 -4.297136 0.597273 0.030139 0.801472 75.873048 
0.797760 -0.026143 -0.602409 -29.781450 0.004510 0.999290 -0.037394 -4.337426 0.602959 0.027115 0.797311 76.685550 
0.794886 -0.026007 -0.606201 -30.410608 0.003635 0.999267 -0.038104 -4.385488 0.606747 0.028085 0.794398 77.461340 
0.791814 -0.027358 -0.610149 -31.052539 0.003406 0.999179 -0.040381 -4.431658 0.610753 0.029896 0.791257 78.226711 
0.787880 -0.030105 -0.615093 -31.681578 0.004699 0.999069 -0.042880 -4.486635 0.615811 0.030894 0.787288 79.002139 
0.784064 -0.029178 -0.619994 -32.291713 0.002788 0.999050 -0.043492 -4.549491 0.620674 0.032372 0.783400 79.791939 
0.780267 -0.029069 -0.624771 -32.964055 0.003264 0.999095 -0.042409 -4.605378 0.625438 0.031051 0.779656 80.530066 
0.775498 -0.028401 -0.630710 -33.606623 0.002535 0.999120 -0.041874 -4.657401 0.631344 0.030874 0.774888 81.294527 
0.769880 -0.030238 -0.637472 -34.243778 0.003569 0.999065 -0.043080 -4.718801 0.638178 0.030891 0.769269 82.062813 
0.763898 -0.032619 -0.644512 -34.892559 0.005973 0.999036 -0.043482 -4.776618 0.645309 0.029366 0.763357 82.821589 
0.758317 -0.033894 -0.651004 -35.547498 0.006122 0.998974 -0.044880 -4.828192 0.651857 0.030048 0.757747 83.575509 
0.753677 -0.034360 -0.656346 -36.234407 0.005496 0.998927 -0.045983 -4.885032 0.657222 0.031050 0.753057 84.300027 
0.747354 -0.036647 -0.663414 -36.898588 0.006725 0.998844 -0.047601 -4.938754 0.664392 0.031113 0.746737 85.045665 
0.740799 -0.037333 -0.670689 -37.551389 0.006927 0.998826 -0.047947 -4.999562 0.671691 0.030873 0.740188 85.800750 
0.733924 -0.037561 -0.678192 -38.223535 0.008269 0.998890 -0.046374 -5.062040 0.679181 0.028427 0.733420 86.538528 
0.727438 -0.039481 -0.685037 -38.938419 0.011415 0.998901 -0.045449 -5.118112 0.686079 0.025241 0.727089 87.235519 
0.722479 -0.038863 -0.690299 -39.663089 0.009469 0.998882 -0.046325 -5.179095 0.691328 0.026932 0.722039 87.921912 
0.715877 -0.041516 -0.696991 -40.370880 0.010607 0.998762 -0.048596 -5.226444 0.698146 0.027396 0.715431 88.626745 
0.709704 -0.039828 -0.703373 -41.039255 0.007387 0.998766 -0.049101 -5.285985 0.704461 0.029652 0.709123 89.368182 
0.704463 -0.038702 -0.708684 -41.745420 0.006877 0.998838 -0.047711 -5.358424 0.709707 0.028737 0.703911 90.072514 
0.701583 -0.036533 -0.711651 -42.490904 0.003830 0.998864 -0.047501 -5.425666 0.712578 0.030601 0.700925 90.735638 
0.696878 -0.036276 -0.716271 -43.194746 0.001723 0.998802 -0.048909 -5.487059 0.717187 0.032849 0.696106 91.443336 
0.693122 -0.035602 -0.719940 -43.938505 -0.002672 0.998646 -0.051958 -5.547765 0.720815 0.037937 0.692088 92.109022 
0.687888 -0.038329 -0.724804 -44.658676 -0.002123 0.998494 -0.054816 -5.603779 0.725814 0.039246 0.686771 92.800553 
0.683818 -0.037714 -0.728677 -45.410011 -0.003539 0.998480 -0.055000 -5.673409 0.729644 0.040188 0.682646 93.456791 
0.679354 -0.035839 -0.732935 -46.148007 -0.004222 0.998599 -0.052742 -5.753939 0.733799 0.038924 0.678251 94.126773 
0.674402 -0.036442 -0.737465 -46.904327 -0.002576 0.998659 -0.051704 -5.824004 0.738360 0.036769 0.673404 94.777213 
0.669225 -0.039490 -0.742010 -47.664178 0.001294 0.998647 -0.051982 -5.888788 0.743059 0.033828 0.668370 95.424074 
0.664510 -0.040139 -0.746201 -48.413699 0.001860 0.998642 -0.052062 -5.954211 0.747277 0.033208 0.663682 96.082814 
0.657969 -0.042851 -0.751825 -49.131033 0.005252 0.998616 -0.052322 -6.010753 0.753027 0.030478 0.657283 96.777245 
0.653648 -0.044104 -0.755512 -49.885013 0.006735 0.998600 -0.052467 -6.069061 0.756769 0.029207 0.653030 97.431550 
0.649880 -0.046651 -0.758604 -50.646850 0.009129 0.998522 -0.053585 -6.132007 0.759982 0.027898 0.649345 98.076252 
0.645143 -0.050181 -0.762412 -51.380882 0.010535 0.998330 -0.056795 -6.202008 0.763989 0.028609 0.644595 98.751751 
0.640598 -0.051876 -0.766122 -52.131089 0.011077 0.998236 -0.058331 -6.278517 0.767797 0.028880 0.640042 99.408512 
0.631914 -0.057146 -0.772929 -52.867733 0.018520 0.998107 -0.058653 -6.345377 0.774817 0.022749 0.631776 100.081479 
0.623510 -0.060725 -0.779454 -53.645947 0.023607 0.997987 -0.058865 -6.417794 0.781459 0.018302 0.623688 100.705289 
0.614748 -0.060541 -0.786396 -54.418887 0.023941 0.998023 -0.058117 -6.481849 0.788360 0.016900 0.614982 101.336527 
0.606489 -0.056930 -0.793051 -55.205027 0.021889 0.998251 -0.054920 -6.562243 0.794791 0.015949 0.606674 101.949324 
0.597670 -0.056743 -0.799732 -56.014403 0.021610 0.998270 -0.054680 -6.633681 0.801451 0.015399 0.597863 102.532254 
0.588453 -0.057948 -0.806452 -56.843217 0.021085 0.998189 -0.056339 -6.695648 0.808256 0.016149 0.588610 103.088336 
0.577368 -0.060132 -0.814267 -57.631076 0.021951 0.998067 -0.058141 -6.773582 0.816189 0.015695 0.577572 103.699241 
0.567274 -0.062872 -0.821126 -58.463150 0.025289 0.997941 -0.058940 -6.845285 0.823141 0.012670 0.567696 104.249252 
0.556677 -0.064533 -0.828218 -59.287293 0.029496 0.997885 -0.057927 -6.910379 0.830205 0.007817 0.557404 104.811880 
0.545856 -0.064449 -0.835397 -60.098976 0.028818 0.997892 -0.058155 -6.958115 0.837383 0.007670 0.546562 105.394024 
0.535071 -0.065243 -0.842284 -60.934565 0.029236 0.997846 -0.058720 -7.027101 0.844301 0.006794 0.535826 105.939031 
0.524875 -0.066634 -0.848567 -61.794418 0.028957 0.997752 -0.060437 -7.082973 0.850687 0.007150 0.525624 106.446506 
0.514960 -0.067699 -0.854537 -62.655534 0.028947 0.997681 -0.061596 -7.156259 0.856725 0.006983 0.515726 106.949605 
0.503835 -0.070569 -0.860913 -63.507470 0.030670 0.997490 -0.063816 -7.229939 0.863255 0.005749 0.504735 107.468040 
0.493844 -0.070169 -0.866715 -64.361433 0.028863 0.997512 -0.064312 -7.313994 0.869071 0.006744 0.494641 107.981542 
0.483932 -0.069649 -0.872330 -65.228263 0.030540 0.997565 -0.062705 -7.387173 0.874573 0.003704 0.484880 108.474746 
0.476705 -0.066985 -0.876507 -66.108084 0.028905 0.997748 -0.060531 -7.470253 0.878588 0.003520 0.477568 108.942732 
0.470077 -0.066787 -0.880095 -67.003066 0.028424 0.997761 -0.060535 -7.552062 0.882168 0.003440 0.470923 109.381270 
0.463300 -0.068221 -0.883572 -67.891270 0.027754 0.997660 -0.062477 -7.629985 0.885767 0.004423 0.464109 109.834062 
0.456060 -0.071008 -0.887112 -68.769165 0.028963 0.997468 -0.064952 -7.709998 0.889478 0.003929 0.456961 110.306184 
0.450269 -0.073437 -0.889868 -69.668700 0.029963 0.997293 -0.067141 -7.792241 0.892390 0.003569 0.451251 110.735221 
0.445705 -0.074390 -0.892083 -70.548061 0.027588 0.997209 -0.069373 -7.890387 0.894754 0.006310 0.446514 111.201152 
0.441352 -0.074943 -0.894199 -71.441894 0.029792 0.997181 -0.068870 -7.969250 0.896839 0.003756 0.442340 111.642564 
0.437197 -0.072641 -0.896427 -72.345149 0.032348 0.997358 -0.065043 -8.052138 0.898784 -0.000561 0.438392 112.063585 
0.432350 -0.070428 -0.898951 -73.231103 0.036257 0.997497 -0.060711 -8.152413 0.900977 -0.006345 0.433821 112.516388 
0.427070 -0.071738 -0.901369 -74.112329 0.039617 0.997375 -0.060609 -8.210284 0.903350 -0.009825 0.428791 112.985527 
0.421169 -0.073789 -0.903975 -74.992307 0.044933 0.997159 -0.060461 -8.274429 0.905868 -0.015154 0.423288 113.456190 
0.418812 -0.072912 -0.905141 -75.898247 0.046533 0.997185 -0.058795 -8.348365 0.906880 -0.017495 0.421026 113.873092 
0.416310 -0.071368 -0.906417 -76.797989 0.046539 0.997280 -0.057147 -8.420120 0.908031 -0.018393 0.418500 114.303574 
0.414309 -0.073628 -0.907153 -77.713703 0.050165 0.997055 -0.058014 -8.467598 0.908753 -0.021472 0.416782 114.702591 
0.412940 -0.073901 -0.907755 -78.633091 0.052702 0.996971 -0.057190 -8.537651 0.909232 -0.024225 0.415584 115.089654 
0.408772 -0.074893 -0.909559 -79.536056 0.059060 0.996709 -0.055526 -8.597041 0.910724 -0.031021 0.411850 115.515244 
0.405466 -0.075310 -0.911003 -80.434285 0.061853 0.996577 -0.054855 -8.660204 0.912015 -0.034107 0.408736 115.950209 
0.402446 -0.077934 -0.912120 -81.343614 0.067743 0.996173 -0.055226 -8.733291 0.912934 -0.039564 0.406186 116.359818 
0.402420 -0.081483 -0.911822 -82.280021 0.072324 0.995747 -0.057064 -8.784394 0.912594 -0.042983 0.406602 116.706993 
0.401220 -0.082490 -0.912260 -83.182287 0.072811 0.995657 -0.058008 -8.871405 0.913083 -0.043148 0.405484 117.129303 
0.402261 -0.082175 -0.911829 -84.105253 0.073451 0.995650 -0.057326 -8.976454 0.912574 -0.043915 0.406547 117.499570 
0.405318 -0.081878 -0.910502 -85.021525 0.070550 0.995812 -0.058144 -9.048494 0.911450 -0.040669 0.409397 117.893597 
0.413963 -0.084215 -0.906390 -85.972919 0.072677 0.995590 -0.059310 -9.108621 0.907388 -0.041321 0.418258 118.195645 
0.419557 -0.084155 -0.903820 -86.882293 0.070738 0.995696 -0.059873 -9.193383 0.904969 -0.038815 0.423704 118.602897 
0.426192 -0.084060 -0.900719 -87.791319 0.071178 0.995703 -0.059246 -9.287269 0.901828 -0.038861 0.430344 119.008923 
0.433743 -0.083196 -0.897188 -88.699087 0.071842 0.995751 -0.057604 -9.370306 0.898168 -0.039470 0.437877 119.420094 
0.443476 -0.084800 -0.892266 -89.622848 0.076095 0.995482 -0.056789 -9.424715 0.893050 -0.042713 0.447925 119.799179 
0.453218 -0.084400 -0.887395 -90.520709 0.076281 0.995528 -0.055726 -9.497078 0.888130 -0.042435 0.457630 120.233472 
0.463863 -0.083807 -0.881934 -91.426660 0.079417 0.995441 -0.052823 -9.604754 0.882340 -0.045538 0.468404 120.642933 
0.472050 -0.084450 -0.877517 -92.283419 0.078104 0.995493 -0.053788 -9.667755 0.878105 -0.043147 0.476519 121.154788 
0.480135 -0.086219 -0.872947 -93.125538 0.074248 0.995581 -0.057494 -9.702686 0.874047 -0.037210 0.484415 121.692947 
0.490232 -0.086576 -0.867282 -93.977183 0.071576 0.995692 -0.058936 -9.772008 0.868648 -0.033184 0.494317 122.212460 
0.503751 -0.084967 -0.859660 -94.855930 0.070629 0.995870 -0.057042 -9.842903 0.860957 -0.031982 0.507671 122.684454 
0.518957 -0.081395 -0.850916 -95.727396 0.067467 0.996251 -0.054151 -9.919941 0.852134 -0.029306 0.522503 123.168823 
0.531037 -0.076433 -0.843895 -96.556072 0.063639 0.996708 -0.050227 -10.001727 0.844956 -0.027032 0.534153 123.722543 
0.543344 -0.077207 -0.835952 -97.403223 0.066417 0.996594 -0.048874 -10.072528 0.836879 -0.028966 0.546621 124.249157 
0.554822 -0.075701 -0.828518 -98.221915 0.063325 0.996805 -0.048672 -10.145887 0.829555 -0.025462 0.557844 124.818684 
0.565919 -0.078854 -0.820682 -99.058054 0.066380 0.996542 -0.049977 -10.200614 0.821785 -0.026194 0.569196 125.364466 
0.578092 -0.082990 -0.811740 -99.901746 0.074228 0.996038 -0.048969 -10.277416 0.812588 -0.031945 0.581962 125.895772 
0.589673 -0.087443 -0.802894 -100.748051 0.083444 0.995398 -0.047124 -10.351523 0.803320 -0.039209 0.594256 126.423289 
0.600093 -0.079327 -0.795988 -101.519501 0.072719 0.996360 -0.044473 -10.401729 0.796618 -0.031195 0.603677 127.057595 
0.610138 -0.077939 -0.788452 -102.322320 0.074787 0.996372 -0.040619 -10.459129 0.788757 -0.034183 0.613754 127.651049 
0.620262 -0.076821 -0.780624 -103.113577 0.074653 0.996457 -0.038744 -10.517170 0.780834 -0.034245 0.623799 128.259772 
0.630353 -0.073946 -0.772779 -103.878583 0.069541 0.996830 -0.038660 -10.574503 0.773188 -0.029370 0.633497 128.901239 
0.639396 -0.076602 -0.765052 -104.645795 0.072620 0.996593 -0.039093 -10.635243 0.765441 -0.030562 0.642780 129.539750 
0.649592 -0.077800 -0.756292 -105.425859 0.075294 0.996443 -0.037833 -10.690522 0.756546 -0.032368 0.653139 130.163002 
0.659548 -0.075692 -0.747842 -106.193647 0.074871 0.996585 -0.034837 -10.752507 0.747924 -0.033015 0.662962 130.800701 
0.668289 -0.074200 -0.740192 -106.936120 0.075262 0.996652 -0.031957 -10.804985 0.740085 -0.034352 0.671635 131.468518 
0.675861 -0.074141 -0.733291 -107.659160 0.076228 0.996624 -0.030509 -10.856788 0.733077 -0.035278 0.679230 132.157379 
0.683611 -0.073035 -0.726183 -108.386047 0.074534 0.996765 -0.030083 -10.901458 0.726031 -0.033560 0.686842 132.842682 
0.691184 -0.064988 -0.719751 -109.121338 0.063366 0.997562 -0.029222 -10.957016 0.719895 -0.025410 0.693618 133.518153 
0.698178 -0.062681 -0.713175 -109.833212 0.063103 0.997671 -0.025909 -11.005981 0.713138 -0.026914 0.700507 134.218751 
0.702945 -0.067380 -0.708045 -110.493539 0.071122 0.997172 -0.024284 -11.023772 0.707679 -0.033287 0.705750 134.969519 
0.710236 -0.064579 -0.700995 -111.206254 0.068288 0.997407 -0.022698 -11.071916 0.700643 -0.031748 0.712805 135.669318 
0.717729 -0.066744 -0.693116 -111.911129 0.071772 0.997185 -0.021704 -11.110398 0.692614 -0.034169 0.720499 136.377605 
0.725468 -0.064727 -0.685206 -112.591653 0.070056 0.997342 -0.020040 -11.142247 0.684682 -0.033464 0.728074 137.109638 
0.736386 -0.059249 -0.673963 -113.296676 0.065225 0.997735 -0.016446 -11.183454 0.673411 -0.031848 0.738582 137.817625 
0.746092 -0.051112 -0.663878 -113.967053 0.057393 0.998275 -0.012357 -11.221448 0.663365 -0.028882 0.747739 138.558672 
0.756134 -0.048733 -0.652600 -114.624206 0.054999 0.998428 -0.010833 -11.249178 0.652101 -0.027701 0.757625 139.311919 
0.765607 -0.048284 -0.641494 -115.251327 0.053787 0.998492 -0.010961 -11.283716 0.641056 -0.026112 0.767050 140.090074 
0.775399 -0.050583 -0.629443 -115.889358 0.055258 0.998398 -0.012163 -11.310150 0.629050 -0.025350 0.776952 140.859631 
0.785406 -0.049126 -0.617028 -116.506457 0.053941 0.998485 -0.010836 -11.334485 0.616626 -0.024772 0.786867 141.646140 
0.795507 -0.048927 -0.603966 -117.120034 0.054919 0.998454 -0.008548 -11.355871 0.603450 -0.026370 0.796964 142.435486 
0.805803 -0.047428 -0.590281 -117.731797 0.055397 0.998454 -0.004601 -11.379095 0.589586 -0.028992 0.807185 143.226185 
0.815083 -0.048428 -0.577317 -118.311646 0.058253 0.998301 -0.001497 -11.398960 0.576409 -0.032410 0.816519 144.040668 
0.823869 -0.046115 -0.564901 -118.853439 0.057589 0.998337 0.002490 -11.419637 0.563847 -0.034584 0.825155 144.880925 
0.832374 -0.046826 -0.552233 -119.423539 0.059859 0.998191 0.005584 -11.443773 0.550973 -0.037704 0.833671 145.702146 
0.839414 -0.047605 -0.541403 -119.957613 0.061670 0.998066 0.007857 -11.452321 0.539982 -0.039983 0.840727 146.547540 
0.846556 -0.046418 -0.530272 -120.510390 0.060413 0.998132 0.009073 -11.459865 0.528861 -0.039716 0.847779 147.380836 
0.853271 -0.046317 -0.519407 -121.015597 0.059970 0.998155 0.009509 -11.446539 0.518009 -0.039262 0.854474 148.243730 
0.860944 -0.039804 -0.507141 -121.555122 0.052774 0.998543 0.011219 -11.463844 0.505955 -0.036423 0.861790 149.085522 
0.867695 -0.037182 -0.495704 -122.073621 0.049879 0.998678 0.012400 -11.474029 0.494587 -0.035484 0.868403 149.940540 
0.873275 -0.037907 -0.485750 -122.523065 0.050567 0.998636 0.012976 -11.472538 0.484596 -0.035895 0.874001 150.833847 
0.878474 -0.039124 -0.476185 -123.012591 0.051287 0.998605 0.012568 -11.478329 0.475029 -0.035463 0.879255 151.705817 
0.882680 -0.040116 -0.468259 -123.479731 0.051896 0.998577 0.012278 -11.473935 0.467100 -0.035138 0.883506 152.589989 
0.886383 -0.039040 -0.461304 -123.948764 0.050931 0.998613 0.013351 -11.471279 0.460143 -0.035329 0.887142 153.473166 
0.889520 -0.037350 -0.455368 -124.394487 0.050688 0.998568 0.017111 -11.470238 0.454076 -0.038302 0.890139 154.368336 
0.892952 -0.032363 -0.448986 -124.849627 0.046968 0.998667 0.021428 -11.452647 0.447694 -0.040223 0.893282 155.258582 
0.895850 -0.030195 -0.443330 -125.280627 0.045546 0.998673 0.024018 -11.437004 0.442016 -0.041708 0.896037 156.160799 
0.898676 -0.029964 -0.437589 -125.697731 0.046018 0.998599 0.026127 -11.411550 0.436193 -0.043617 0.898796 157.069301 
0.901637 -0.030637 -0.431407 -126.107970 0.047638 0.998454 0.028656 -11.386751 0.429862 -0.046389 0.901702 157.980942 
0.904565 -0.030464 -0.425245 -126.516398 0.048677 0.998301 0.032026 -11.370065 0.423547 -0.049669 0.904512 158.893580 
0.908202 -0.030977 -0.417383 -126.949493 0.049838 0.998166 0.034363 -11.353414 0.415553 -0.052010 0.908081 159.794774 
0.911831 -0.030050 -0.409464 -127.354108 0.048824 0.998177 0.035472 -11.323854 0.407651 -0.052336 0.911637 160.708784 
0.915481 -0.032060 -0.401081 -127.755490 0.050696 0.998067 0.035936 -11.298294 0.399154 -0.053232 0.915337 161.624337 
0.919413 -0.033491 -0.391865 -128.152360 0.051712 0.998012 0.036032 -11.271699 0.389879 -0.053393 0.919317 162.541827 
0.923633 -0.032905 -0.381862 -128.534157 0.050135 0.998120 0.035256 -11.254621 0.379984 -0.051709 0.923547 163.465916 
0.928399 -0.031243 -0.370268 -128.899004 0.047018 0.998327 0.033654 -11.217898 0.368597 -0.048654 0.928315 164.396258 
0.933347 -0.028829 -0.357815 -129.248600 0.043647 0.998488 0.033402 -11.195853 0.356311 -0.046793 0.933195 165.332900 
0.939385 -0.025203 -0.341936 -129.597472 0.039621 0.998593 0.035247 -11.162564 0.340566 -0.046659 0.939062 166.269478 
0.946293 -0.019911 -0.322696 -129.952172 0.034379 0.998640 0.039195 -11.150407 0.321477 -0.048184 0.945691 167.204380 
0.952726 -0.017757 -0.303311 -130.254395 0.031849 0.998628 0.041576 -11.121488 0.302157 -0.049271 0.951984 168.157178 
0.959597 -0.011477 -0.281144 -130.573003 0.024552 0.998772 0.043032 -11.096216 0.280305 -0.048196 0.958700 169.104728 
0.965293 -0.015143 -0.260731 -130.818070 0.027755 0.998612 0.044758 -11.051314 0.259692 -0.050441 0.964373 170.073193 
0.970921 -0.013827 -0.239002 -131.068270 0.026204 0.998470 0.048686 -11.027638 0.237964 -0.053533 0.969798 171.041098 
0.975999 -0.013245 -0.217370 -131.285025 0.025266 0.998295 0.052614 -10.974750 0.216303 -0.056843 0.974670 172.015890 
0.980856 -0.007291 -0.194598 -131.501426 0.018890 0.998149 0.057815 -10.942086 0.193816 -0.060384 0.979178 172.991648 
0.984838 -0.009799 -0.173199 -131.664009 0.020722 0.997900 0.061370 -10.889439 0.172234 -0.064028 0.982973 173.976938 
0.988421 -0.006742 -0.151583 -131.825616 0.016340 0.997932 0.062162 -10.846433 0.150851 -0.063919 0.986488 174.962855 
0.991500 -0.008018 -0.129857 -131.949548 0.016013 0.998031 0.060644 -10.797546 0.129115 -0.062208 0.989676 175.953941 
0.994084 -0.004617 -0.108514 -132.077096 0.011230 0.998110 0.060411 -10.749284 0.108030 -0.061272 0.992258 176.944599 
0.995989 -0.009351 -0.088986 -132.150521 0.014900 0.997971 0.061898 -10.680664 0.088227 -0.062975 0.994108 177.939536 
0.997663 -0.004922 -0.068154 -132.251745 0.009319 0.997884 0.064346 -10.642960 0.067693 -0.064830 0.995598 178.933685 
0.998837 -0.004235 -0.048031 -132.283669 0.007385 0.997819 0.065602 -10.581312 0.047648 -0.065881 0.996689 179.931272 
0.999662 0.004888 -0.025548 -132.351149 -0.003186 0.997800 0.066221 -10.524786 0.025816 -0.066117 0.997478 180.927390 
0.999981 0.001683 -0.005944 -132.339300 -0.001282 0.997763 0.066834 -10.465492 0.006043 -0.066825 0.997746 181.925560 
0.999907 0.001407 0.013557 -132.309939 -0.002303 0.997796 0.066310 -10.407262 -0.013434 -0.066335 0.997707 182.923432 
0.999419 0.002963 0.033953 -132.298662 -0.005195 0.997817 0.065832 -10.363142 -0.033683 -0.065971 0.997253 183.922394 
0.998638 -0.001186 0.052165 -132.227897 -0.002133 0.997978 0.063519 -10.303328 -0.052135 -0.063543 0.996616 184.918092 
0.997409 0.003031 0.071870 -132.167203 -0.007442 0.998098 0.061188 -10.249782 -0.071548 -0.061565 0.995535 185.914812 
0.995834 0.003961 0.091095 -132.084391 -0.009425 0.998176 0.059624 -10.199711 -0.090693 -0.060234 0.994056 186.910118 
0.994021 0.001544 0.109178 -131.965559 -0.007818 0.998340 0.057057 -10.152698 -0.108909 -0.057570 0.992383 187.901919 
0.991868 -0.001600 0.127259 -131.844683 -0.005064 0.998633 0.052029 -10.108283 -0.127168 -0.052250 0.990504 188.893592 
0.989122 0.004302 0.147033 -131.742340 -0.011089 0.998908 0.045375 -10.070880 -0.146677 -0.046512 0.988090 189.887638 
0.986637 -0.000351 0.162932 -131.580815 -0.006325 0.999162 0.040450 -10.033103 -0.162809 -0.040940 0.985808 190.873783 
0.983497 0.002680 0.180907 -131.420358 -0.009507 0.999274 0.036882 -10.009190 -0.180676 -0.037993 0.982809 191.860537 
0.980246 0.002578 0.197767 -131.228866 -0.009591 0.999358 0.034509 -9.989170 -0.197551 -0.035724 0.979641 192.841827 
0.976520 0.003356 0.215402 -131.028447 -0.011052 0.999342 0.034534 -9.954605 -0.215145 -0.036104 0.975915 193.820927 
0.973000 -0.003614 0.230775 -130.776305 -0.004338 0.999414 0.033941 -9.930168 -0.230762 -0.034026 0.972415 194.788308 
0.968685 -0.000966 0.248292 -130.563414 -0.006452 0.999557 0.029059 -9.917167 -0.248210 -0.029751 0.968249 195.765298 
0.963516 -0.002009 0.267642 -130.542001 -0.005174 0.999645 0.026130 -9.932284 -0.267599 -0.026562 0.963164 196.764954 
0.959122 -0.004092 0.282963 -130.253661 -0.003447 0.999652 0.026138 -9.917101 -0.282971 -0.026044 0.958775 197.722362 
0.953407 0.003216 0.301671 -129.998222 -0.011563 0.999598 0.025889 -9.906044 -0.301466 -0.028171 0.953061 198.689124 
0.947613 0.005428 0.319376 -129.717712 -0.013753 0.999622 0.023817 -9.907404 -0.319126 -0.026961 0.947329 199.648974 
0.941892 0.004728 0.335883 -129.362468 -0.011890 0.999744 0.019267 -9.878422 -0.335706 -0.022141 0.941706 200.583299 
0.935462 0.006993 0.353359 -129.021875 -0.014144 0.999744 0.017660 -9.875730 -0.353145 -0.021518 0.935321 201.523505 
0.928490 0.003984 0.371336 -128.717787 -0.009726 0.999860 0.013594 -9.896111 -0.371230 -0.016233 0.928399 202.475931 
0.920190 0.009172 0.391365 -128.372093 -0.013385 0.999878 0.008039 -9.905204 -0.391244 -0.012636 0.920200 203.414234 
0.911406 0.008572 0.411418 -127.931248 -0.011410 0.999925 0.004442 -9.896660 -0.411349 -0.008743 0.911436 204.311777 
0.899352 0.015743 0.436941 -127.541708 -0.019365 0.999805 0.003836 -9.910915 -0.436795 -0.011911 0.899482 205.232676 
0.886078 0.025422 0.462838 -127.100107 -0.029616 0.999560 0.001798 -9.916323 -0.462588 -0.015301 0.886441 206.129871 
0.872676 0.028497 0.487467 -126.636580 -0.032155 0.999483 -0.000864 -9.937488 -0.487239 -0.014920 0.873141 207.015702 
0.858540 0.033024 0.511682 -126.130868 -0.036338 0.999333 -0.003525 -9.952714 -0.511457 -0.015567 0.859168 207.878269 
0.843715 0.035576 0.535611 -125.620463 -0.038460 0.999243 -0.005787 -9.974545 -0.535411 -0.015717 0.844445 208.737926 
0.827787 0.041107 0.559535 -125.071821 -0.043473 0.999013 -0.009079 -9.980768 -0.559356 -0.016809 0.828757 209.573961 
0.810805 0.051058 0.583085 -124.517335 -0.052627 0.998512 -0.014255 -10.003323 -0.582945 -0.019128 0.812286 210.405848 
0.794149 0.055821 0.605154 -123.939114 -0.055082 0.998285 -0.019799 -10.037675 -0.605222 -0.017610 0.795862 211.221005 
0.779620 0.054486 0.623879 -123.296663 -0.050737 0.998429 -0.023795 -10.068514 -0.624195 -0.013103 0.781159 211.986711 
0.764211 0.054894 0.642626 -122.659941 -0.048411 0.998443 -0.027719 -10.103072 -0.643146 -0.009927 0.765679 212.757029 
0.750285 0.051407 0.659113 -121.988186 -0.042733 0.998658 -0.029246 -10.148505 -0.659732 -0.006224 0.751475 213.496408 
0.737700 0.048348 0.673395 -121.303964 -0.036610 0.998830 -0.031607 -10.187266 -0.674135 -0.001337 0.738607 214.224651 
0.722848 0.048141 0.689329 -120.631045 -0.033506 0.998839 -0.034621 -10.222670 -0.690195 0.001929 0.723621 214.963520 
0.708731 0.047540 0.703876 -119.937640 -0.029321 0.998850 -0.037939 -10.272145 -0.704870 0.006251 0.709309 215.682367 
0.693849 0.050397 0.718355 -119.230562 -0.028222 0.998685 -0.042805 -10.319164 -0.719568 0.009427 0.694358 216.387938 
0.678123 0.053473 0.733000 -118.522832 -0.029597 0.998527 -0.045463 -10.375803 -0.734352 0.009135 0.678707 217.092147 
0.662332 0.053827 0.747275 -117.810936 -0.027913 0.998496 -0.047183 -10.420068 -0.748690 0.010392 0.662838 217.793035 
0.641860 0.062792 0.764247 -117.084176 -0.039451 0.998026 -0.048866 -10.468975 -0.765807 0.001215 0.643070 218.478183 
0.623997 0.069904 0.778294 -116.325692 -0.052144 0.997496 -0.047786 -10.531447 -0.779685 -0.010765 0.626079 219.126874 
0.605430 0.072658 0.792575 -115.557403 -0.057345 0.997218 -0.047614 -10.588204 -0.793830 -0.016623 0.607913 219.764456 
0.587664 0.074826 0.805638 -114.762029 -0.061743 0.996958 -0.047559 -10.658655 -0.806746 -0.021794 0.590496 220.366467 
0.571772 0.075362 0.816944 -113.947724 -0.059469 0.996960 -0.050346 -10.731955 -0.818254 -0.019796 0.574516 220.942257 
0.553489 0.079756 0.829029 -113.132924 -0.063426 0.996550 -0.053527 -10.796581 -0.830438 -0.022955 0.556638 221.518385 
0.533898 0.080471 0.841711 -112.311015 -0.065838 0.996395 -0.053498 -10.875532 -0.842982 -0.026854 0.537272 222.082507 
0.513434 0.080186 0.854375 -111.458515 -0.069479 0.996240 -0.051748 -10.951800 -0.855312 -0.032792 0.517075 222.599640 
0.492567 0.078999 0.866682 -110.596703 -0.071763 0.996167 -0.050016 -11.025740 -0.867311 -0.037560 0.496348 223.101450 
0.470279 0.078672 0.879004 -109.737733 -0.075411 0.995958 -0.048793 -11.097891 -0.879290 -0.043340 0.474311 223.608367 
0.448374 0.078029 0.890434 -108.862286 -0.075893 0.995908 -0.049056 -11.166329 -0.890618 -0.045582 0.452462 224.086810 
0.426663 0.079030 0.900951 -107.967185 -0.078979 0.995625 -0.049933 -11.236051 -0.900955 -0.049852 0.431039 224.527188 
0.408014 0.075451 0.909853 -107.051162 -0.070905 0.996188 -0.050814 -11.315351 -0.910218 -0.043781 0.411808 224.920398 
0.384297 0.077773 0.919928 -106.159233 -0.073998 0.995834 -0.053278 -11.386079 -0.920239 -0.047598 0.388451 225.367007 
0.366179 0.075298 0.927493 -105.222727 -0.064101 0.996394 -0.055584 -11.456860 -0.928334 -0.039099 0.369685 225.710440 
0.345676 0.073193 0.935495 -104.294134 -0.061839 0.996563 -0.055120 -11.528648 -0.936314 -0.038796 0.349014 226.074532 
0.325381 0.073138 0.942750 -103.356119 -0.061483 0.996531 -0.056090 -11.605070 -0.943582 -0.039713 0.328749 226.412595 
0.305450 0.076684 0.949115 -102.424258 -0.058699 0.996373 -0.061611 -11.681652 -0.950397 -0.036893 0.308843 226.767236 
0.286582 0.085679 0.954217 -101.476716 -0.059991 0.995643 -0.071381 -11.770561 -0.956176 -0.036788 0.290474 227.074255 
0.266419 0.093771 0.959285 -100.527684 -0.063743 0.994792 -0.079538 -11.859407 -0.961747 -0.039958 0.271008 227.376651 
0.245713 0.097447 0.964432 -99.580882 -0.067019 0.994261 -0.083387 -11.967035 -0.967023 -0.044146 0.250834 227.679937 
0.226969 0.098376 0.968921 -98.606651 -0.068692 0.994024 -0.084834 -12.067645 -0.971476 -0.047302 0.232370 227.881808 
0.205495 0.098541 0.973685 -97.643659 -0.075270 0.993562 -0.084667 -12.175122 -0.975759 -0.055891 0.211589 228.128984 
0.184859 0.099784 0.977686 -96.674587 -0.081115 0.992987 -0.086008 -12.276258 -0.979412 -0.063406 0.191657 228.354086 
0.165313 0.098827 0.981277 -95.698738 -0.084748 0.992710 -0.085701 -12.381465 -0.982593 -0.068993 0.172483 228.545526 
0.146820 0.098965 0.984200 -94.717214 -0.084397 0.992608 -0.087220 -12.481150 -0.985556 -0.070258 0.154087 228.708844 
0.129342 0.098781 0.986668 -93.733140 -0.080361 0.992797 -0.088860 -12.592065 -0.988338 -0.067796 0.136349 228.847760 
0.111685 0.101604 0.988536 -92.747136 -0.080699 0.992401 -0.092884 -12.703258 -0.990462 -0.069400 0.119036 228.971983 
0.093568 0.103478 0.990221 -91.758789 -0.080263 0.992131 -0.096093 -12.809573 -0.992372 -0.070487 0.101137 229.080921 
0.076667 0.100602 0.991968 -90.769926 -0.080383 0.992282 -0.094421 -12.926171 -0.993811 -0.072498 0.084162 229.173419 
0.061399 0.096080 0.993478 -89.780370 -0.077765 0.992791 -0.091208 -13.041842 -0.995079 -0.071658 0.068428 229.259434 
0.047098 0.091758 0.994667 -88.790184 -0.077815 0.993083 -0.087928 -13.157768 -0.995855 -0.073259 0.053913 229.337494 
0.036478 0.088040 0.995449 -87.797108 -0.072922 0.993691 -0.085212 -13.273094 -0.996670 -0.069482 0.042668 229.359815 
0.024114 0.087219 0.995897 -86.810021 -0.073696 0.993632 -0.085236 -13.402669 -0.996989 -0.071338 0.030388 229.453997 
0.016110 0.089007 0.995901 -85.817057 -0.072694 0.993498 -0.087617 -13.517543 -0.997224 -0.070984 0.022475 229.482754 
0.012804 0.090351 0.995828 -84.824285 -0.068176 0.993671 -0.089279 -13.636144 -0.997591 -0.066749 0.018882 229.464366 
0.007043 0.094409 0.995509 -83.831507 -0.066642 0.993364 -0.093734 -13.751233 -0.997752 -0.065682 0.013288 229.498200 
0.002299 0.102581 0.994722 -82.839970 -0.063870 0.992709 -0.102225 -13.879122 -0.997956 -0.063298 0.008834 229.520540 
-0.001479 0.105435 0.994425 -81.845837 -0.065022 0.992312 -0.105308 -13.987229 -0.997883 -0.064815 0.005388 229.516927 
-0.002897 0.097559 0.995226 -80.851876 -0.060578 0.993385 -0.097555 -14.095374 -0.998159 -0.060572 0.003032 229.498314 
-0.005545 0.087441 0.996154 -79.859084 -0.059744 0.994361 -0.087616 -14.215080 -0.998198 -0.060000 -0.000290 229.504242 
-0.006551 0.083647 0.996474 -78.864272 -0.058023 0.994785 -0.083887 -14.315672 -0.998294 -0.058368 -0.001664 229.519398 
-0.008070 0.085027 0.996346 -77.870608 -0.060473 0.994513 -0.085360 -14.424550 -0.998137 -0.060941 -0.002884 229.547260 
-0.006664 0.088293 0.996072 -76.875467 -0.057154 0.994432 -0.088530 -14.522809 -0.998343 -0.057520 -0.001581 229.553539 
-0.004688 0.090552 0.995881 -75.881744 -0.058972 0.994133 -0.090671 -14.634597 -0.998249 -0.059154 0.000679 229.557981 
-0.002747 0.091261 0.995823 -74.887473 -0.061929 0.993900 -0.091255 -14.739419 -0.998077 -0.061921 0.002921 229.578861 
0.000371 0.092952 0.995670 -73.893135 -0.062803 0.993707 -0.092746 -14.844365 -0.998026 -0.062496 0.006206 229.595588 
0.003277 0.094096 0.995558 -72.899466 -0.066959 0.993349 -0.093667 -14.951009 -0.997750 -0.066355 0.009556 229.630931 
0.008717 0.095583 0.995383 -71.904591 -0.069021 0.993105 -0.094760 -15.052101 -0.997577 -0.067876 0.015254 229.632979 
0.014901 0.094964 0.995369 -70.910336 -0.071855 0.993008 -0.093663 -15.157118 -0.997304 -0.070126 0.021620 229.653667 
0.019634 0.093374 0.995437 -69.918954 -0.075384 0.992934 -0.091652 -15.274495 -0.996961 -0.073241 0.026535 229.711844 
0.027449 0.092770 0.995309 -68.924856 -0.071966 0.993284 -0.090596 -15.377289 -0.997029 -0.069141 0.033941 229.746502 
0.034994 0.093608 0.994994 -67.932012 -0.070527 0.993353 -0.090973 -15.488650 -0.996896 -0.066991 0.041363 229.789623 
0.043327 0.094015 0.994628 -66.936444 -0.071433 0.993306 -0.090778 -15.581287 -0.996504 -0.067116 0.049753 229.805850 
0.048949 0.092995 0.994463 -65.944318 -0.074191 0.993244 -0.089229 -15.680020 -0.996042 -0.069412 0.055518 229.882914 
0.055421 0.091371 0.994274 -64.952208 -0.075536 0.993334 -0.087074 -15.779716 -0.995602 -0.070278 0.061953 229.958920 
0.061678 0.089671 0.994060 -63.962277 -0.075282 0.993537 -0.084953 -15.884761 -0.995253 -0.069595 0.068030 230.053798 
0.069042 0.090243 0.993524 -62.970406 -0.074113 0.993612 -0.085100 -15.989058 -0.994857 -0.067757 0.075289 230.126704 
0.074908 0.092123 0.992926 -61.981512 -0.075507 0.993389 -0.086469 -16.098748 -0.994328 -0.068496 0.081369 230.226990 
0.081503 0.093280 0.992298 -60.991653 -0.074159 0.993418 -0.087294 -16.198070 -0.993910 -0.066474 0.087884 230.328547 
0.087819 0.095244 0.991573 -60.002342 -0.076454 0.993127 -0.088622 -16.298799 -0.993198 -0.068027 0.094497 230.433980 
0.094777 0.095737 0.990884 -59.013455 -0.076513 0.993121 -0.088634 -16.394358 -0.992554 -0.067415 0.101450 230.547872 
