1.000000 -0.000278 0.000395 -0.176190 0.000278 1.000000 -0.000403 -0.093493 -0.000395 0.000403 1.000000 1.671687 
0.999998 0.001416 0.001674 -0.185125 -0.001416 0.999999 -0.000052 0.019369 -0.001674 0.000050 0.999999 2.665258 
0.999823 0.012608 -0.013955 -0.064433 -0.012682 0.999906 -0.005231 0.696518 0.013888 0.005407 0.999889 3.073795 
0.999854 0.011654 -0.012498 -0.116155 -0.011725 0.999915 -0.005672 0.733166 0.012430 0.005818 0.999906 4.071783 
0.999862 0.012806 -0.010580 -0.017601 -0.012866 0.999902 -0.005607 0.767811 0.010507 0.005743 0.999928 5.066312 
0.999894 0.013055 -0.006432 -0.012026 -0.013093 0.999898 -0.005765 0.786025 0.006356 0.005849 0.999963 6.066131 
0.999885 0.014575 0.004250 -0.022357 -0.014547 0.999873 -0.006559 0.907899 -0.004345 0.006496 0.999969 7.058622 
0.999863 0.014081 0.008677 0.153038 -0.014026 0.999882 -0.006334 0.922527 -0.008765 0.006211 0.999942 8.043012 
0.999743 0.014423 0.017495 0.222194 -0.014320 0.999880 -0.005984 0.999288 -0.017579 0.005732 0.999829 9.037660 
0.999671 0.014633 0.021077 0.263649 -0.014504 0.999875 -0.006238 1.075126 -0.021165 0.005930 0.999758 10.033918 
0.999619 0.014013 0.023771 0.429958 -0.013875 0.999886 -0.005973 1.120278 -0.023852 0.005641 0.999700 11.018957 
0.999583 0.012848 0.025857 0.648589 -0.012702 0.999903 -0.005780 1.103091 -0.025929 0.005449 0.999649 11.994614 
0.999553 0.013609 0.026609 0.779232 -0.013455 0.999892 -0.005978 1.204340 -0.026687 0.005617 0.999628 12.980860 
0.999580 0.012031 0.026372 0.888534 -0.011864 0.999909 -0.006472 1.257944 -0.026447 0.006157 0.999631 13.771543 
0.999608 0.011747 0.025415 1.018699 -0.011587 0.999912 -0.006456 1.294876 -0.025489 0.006158 0.999656 14.560018 
0.999631 0.011114 0.024773 1.143279 -0.010962 0.999920 -0.006272 1.325380 -0.024841 0.005998 0.999673 15.349669 
0.999664 0.010912 0.023509 1.256229 -0.010754 0.999919 -0.006866 1.388406 -0.023582 0.006611 0.999700 16.139144 
0.999685 0.011227 0.022436 1.370042 -0.011065 0.999912 -0.007340 1.479008 -0.022516 0.007089 0.999721 16.925806 
0.999702 0.010564 0.022012 1.365767 -0.010400 0.999917 -0.007566 1.497310 -0.022090 0.007335 0.999729 17.725585 
0.999766 0.009889 0.019251 1.463826 -0.009737 0.999921 -0.007948 1.584894 -0.019328 0.007759 0.999783 18.514707 
0.999784 0.010417 0.017985 1.435817 -0.010282 0.999919 -0.007559 1.618348 -0.018062 0.007372 0.999810 19.313517 
0.999887 0.009583 0.011544 1.453418 -0.009496 0.999926 -0.007552 1.654794 -0.011615 0.007442 0.999905 20.112492 
0.999962 0.006978 0.005179 1.589347 -0.006944 0.999955 -0.006491 1.060523 -0.005224 0.006455 0.999966 20.630532 
0.999969 0.005983 -0.005180 1.634941 -0.006021 0.999954 -0.007453 1.129188 0.005135 0.007484 0.999959 21.426274 
0.999914 0.004683 -0.012255 1.672760 -0.004786 0.999954 -0.008351 1.183872 0.012215 0.008409 0.999890 22.223507 
0.999625 0.003877 -0.027118 1.714473 -0.004136 0.999946 -0.009489 1.238523 0.027080 0.009597 0.999587 23.020547 
0.999422 0.003240 -0.033834 1.710814 -0.003588 0.999941 -0.010229 1.289746 0.033798 0.010345 0.999375 23.818897 
0.999171 0.002707 -0.040618 1.661141 -0.003148 0.999937 -0.010785 1.287865 0.040586 0.010904 0.999117 24.617351 
0.998863 0.003100 -0.047568 1.736456 -0.003635 0.999931 -0.011167 1.350773 0.047530 0.011327 0.998806 25.411310 
0.998435 0.004358 -0.055755 1.757696 -0.005004 0.999922 -0.011443 1.381236 0.055701 0.011704 0.998379 26.210448 
0.998372 0.005166 -0.056812 1.794376 -0.005800 0.999923 -0.010998 1.385165 0.056750 0.011310 0.998324 27.009597 
0.998417 0.004800 -0.056044 1.829969 -0.005420 0.999926 -0.010915 1.350430 0.055987 0.011201 0.998369 28.008359 
0.998455 0.004254 -0.055412 2.015833 -0.004903 0.999921 -0.011587 1.369216 0.055358 0.011841 0.998396 28.990755 
0.998641 0.004634 -0.051916 1.973570 -0.005187 0.999931 -0.010526 1.388856 0.051864 0.010781 0.998596 29.989668 
0.998600 0.005430 -0.052625 2.198421 -0.005926 0.999939 -0.009274 1.349458 0.052572 0.009573 0.998571 30.756408 
0.998673 0.005441 -0.051208 2.192950 -0.005881 0.999947 -0.008445 1.324404 0.051159 0.008735 0.998652 31.756079 
0.998797 0.004863 -0.048790 2.223798 -0.005266 0.999953 -0.008130 1.339324 0.048748 0.008377 0.998776 32.755492 
0.998797 0.005688 -0.048699 2.325180 -0.006075 0.999951 -0.007801 1.410736 0.048652 0.008088 0.998783 33.747773 
0.998864 0.004727 -0.047419 2.326352 -0.005067 0.999962 -0.007064 1.439389 0.047384 0.007296 0.998850 34.747362 
0.998865 0.005228 -0.047335 2.595039 -0.005550 0.999962 -0.006673 1.674807 0.047298 0.006928 0.998857 35.681378 
0.998777 0.011536 -0.048078 2.712184 -0.011928 0.999898 -0.007858 1.961725 0.047983 0.008422 0.998813 36.418911 
0.998814 0.011904 -0.047205 2.795612 -0.012256 0.999899 -0.007169 2.025663 0.047115 0.007739 0.998859 37.413371 
0.998889 0.012429 -0.045463 2.781731 -0.012733 0.999898 -0.006403 2.087416 0.045379 0.006975 0.998945 38.411366 
0.998971 0.011018 -0.044004 2.756779 -0.011304 0.999917 -0.006248 2.161813 0.043931 0.006739 0.999012 39.408283 
0.999065 0.008159 -0.042457 2.721480 -0.008407 0.999949 -0.005659 2.075830 0.042408 0.006011 0.999082 40.403954 
0.999023 0.008975 -0.043265 2.725517 -0.009174 0.999948 -0.004413 2.018356 0.043223 0.004806 0.999054 41.201876 
0.998961 0.009170 -0.044640 2.759949 -0.009356 0.999948 -0.003965 2.063990 0.044602 0.004379 0.998995 41.999831 
0.998965 0.007985 -0.044782 2.704729 -0.008182 0.999958 -0.004217 2.086306 0.044747 0.004579 0.998988 42.797611 
0.998922 0.007724 -0.045764 2.722620 -0.007877 0.999964 -0.003179 2.135340 0.045738 0.003536 0.998947 43.595907 
0.998925 0.007620 -0.045717 2.569975 -0.007738 0.999967 -0.002402 2.259478 0.045697 0.002753 0.998952 44.576360 
0.999030 0.006152 -0.043598 2.548004 -0.006246 0.999978 -0.002023 2.303672 0.043585 0.002293 0.999047 45.575142 
0.999041 0.008768 -0.042906 2.444752 -0.008811 0.999961 -0.000808 2.462733 0.042897 0.001185 0.999079 46.556996 
0.998820 0.006107 -0.048178 1.978380 -0.006135 0.999981 -0.000445 2.402480 0.048174 0.000741 0.998839 47.204195 
0.998864 0.007739 -0.047017 1.967611 -0.007766 0.999970 -0.000384 2.549579 0.047013 0.000749 0.998894 48.193259 
0.998881 0.006904 -0.046792 2.023795 -0.006936 0.999976 -0.000532 2.607299 0.046787 0.000856 0.998905 49.190009 
0.998907 0.006441 -0.046295 2.030225 -0.006450 0.999979 -0.000044 2.602661 0.046294 0.000343 0.998928 50.189978 
0.998971 0.003837 -0.045186 1.971750 -0.003851 0.999993 -0.000220 2.541826 0.045185 0.000393 0.998979 51.186411 
0.998699 -0.002520 -0.050925 2.213341 0.002681 0.999992 0.003106 2.183414 0.050916 -0.003238 0.998698 51.859594 
0.998726 -0.003738 -0.050332 2.251906 0.003912 0.999987 0.003365 2.140738 0.050319 -0.003558 0.998727 52.857938 
0.998751 -0.004043 -0.049809 2.253678 0.004210 0.999986 0.003238 2.067912 0.049795 -0.003444 0.998754 53.855281 
0.998763 -0.004890 -0.049483 2.216166 0.005045 0.999983 0.003017 2.093967 0.049467 -0.003263 0.998770 54.854238 
0.998397 0.004484 -0.056421 2.157199 -0.004269 0.999983 0.003936 2.581314 0.056438 -0.003689 0.998399 55.485915 
0.998328 0.004571 -0.057623 2.238592 -0.004322 0.999981 0.004449 2.554726 0.057642 -0.004192 0.998329 56.281319 
0.998190 0.009487 -0.059394 2.331441 -0.009282 0.999950 0.003715 2.718618 0.059427 -0.003157 0.998228 57.058827 
0.998229 0.011561 -0.058350 2.278116 -0.011287 0.999924 0.005019 2.698539 0.058403 -0.004352 0.998284 58.057202 
0.998400 0.009817 -0.055682 2.274965 -0.009681 0.999949 0.002702 2.814851 0.055706 -0.002159 0.998445 59.050410 
0.998489 0.009648 -0.054103 2.273665 -0.009559 0.999952 0.001910 2.937458 0.054119 -0.001389 0.998534 60.042864 
0.998572 0.008598 -0.052725 2.246948 -0.008609 0.999963 0.000035 3.044507 0.052724 0.000419 0.998609 61.036759 
0.998618 0.009078 -0.051760 2.262532 -0.009115 0.999958 -0.000460 3.121647 0.051754 0.000931 0.998659 62.033658 
0.998706 0.007959 -0.050239 2.283287 -0.008071 0.999965 -0.002019 3.160517 0.050221 0.002422 0.998735 63.032686 
0.998705 0.007368 -0.050347 2.335560 -0.007501 0.999969 -0.002443 3.145164 0.050328 0.002817 0.998729 63.830829 
0.997982 0.009153 -0.062831 2.549335 -0.010401 0.999755 -0.019564 3.900477 0.062636 0.020178 0.997832 63.985111 
0.997960 0.009010 -0.063210 2.593031 -0.010248 0.999761 -0.019290 3.927063 0.063021 0.019899 0.997814 64.783474 
0.997969 0.010335 -0.062850 2.584161 -0.011528 0.999760 -0.018635 3.956447 0.062642 0.019322 0.997849 65.783003 
0.997949 0.010689 -0.063109 2.571740 -0.011864 0.999763 -0.018272 4.018977 0.062899 0.018983 0.997839 66.580459 
0.997865 0.011382 -0.064315 2.598161 -0.012593 0.999750 -0.018452 4.096265 0.064089 0.019223 0.997759 67.376278 
0.997855 0.012788 -0.064204 2.640506 -0.013990 0.999734 -0.018316 4.174038 0.063953 0.019175 0.997769 68.372350 
0.997904 0.013431 -0.063303 2.599591 -0.014613 0.999727 -0.018244 4.238103 0.063041 0.019131 0.997828 69.369456 
0.997783 0.009875 -0.065808 2.771183 -0.011012 0.999796 -0.016934 3.985323 0.065628 0.017621 0.997689 70.108820 
0.997807 0.009911 -0.065439 2.870761 -0.011002 0.999806 -0.016331 3.983099 0.065264 0.017015 0.997723 71.103847 
0.997839 0.008920 -0.065092 2.917878 -0.010061 0.999801 -0.017231 4.040819 0.064925 0.017848 0.997731 71.900370 
0.997866 0.008898 -0.064682 2.878797 -0.010023 0.999804 -0.017089 4.117988 0.064517 0.017701 0.997760 72.896622 
0.997870 0.007278 -0.064821 2.838237 -0.008369 0.999828 -0.016575 4.159394 0.064690 0.017082 0.997759 73.894940 
0.997681 0.005091 -0.067877 3.037972 -0.006171 0.999857 -0.015713 4.098455 0.067788 0.016095 0.997570 74.667205 
0.997512 0.005303 -0.070302 3.115429 -0.006382 0.999865 -0.015141 4.146470 0.070212 0.015552 0.997411 75.461997 
0.997158 0.006486 -0.075059 3.326645 -0.007740 0.999835 -0.016431 4.348540 0.074940 0.016965 0.997044 76.206682 
0.996808 0.005658 -0.079639 3.519964 -0.006860 0.999867 -0.014827 4.112453 0.079544 0.015326 0.996714 76.946203 
0.996777 0.005340 -0.080046 3.468401 -0.006522 0.999873 -0.014508 4.092640 0.079959 0.014983 0.996686 77.744293 
0.996826 0.004237 -0.079492 3.400394 -0.005448 0.999872 -0.015018 4.088151 0.079419 0.015403 0.996722 78.741968 
0.997021 0.004653 -0.076985 3.364547 -0.005910 0.999853 -0.016110 4.200963 0.076899 0.016517 0.996902 79.734938 
0.997322 0.005858 -0.072899 3.299062 -0.007069 0.999841 -0.016367 4.236381 0.072792 0.016839 0.997205 80.732162 
0.996845 0.005608 -0.079172 3.241846 -0.007387 0.999726 -0.022198 3.443984 0.079026 0.022713 0.996614 80.826149 
0.997087 0.005131 -0.076106 3.260170 -0.006855 0.999726 -0.022400 3.486190 0.075970 0.022856 0.996848 81.825090 
0.997144 0.005423 -0.075328 3.224122 -0.007122 0.999726 -0.022315 3.496554 0.075186 0.022788 0.996909 82.824386 
0.997125 0.005392 -0.075587 3.195757 -0.007151 0.999709 -0.023026 3.603629 0.075441 0.023500 0.996873 83.616680 
0.997021 0.003786 -0.077043 3.216514 -0.005581 0.999717 -0.023103 3.622882 0.076934 0.023465 0.996760 84.416179 
0.996894 0.004537 -0.078626 3.265128 -0.006331 0.999725 -0.022588 3.715878 0.078502 0.023015 0.996648 85.209267 
0.996592 0.003000 -0.082429 3.266552 -0.004889 0.999730 -0.022718 3.782449 0.082339 0.023044 0.996338 86.006491 
0.996422 0.002397 -0.084480 3.263021 -0.004296 0.999742 -0.022311 3.818464 0.084405 0.022594 0.996175 86.805672 
0.996243 0.001602 -0.086592 3.226985 -0.003528 0.999750 -0.022093 3.855329 0.086535 0.022316 0.995999 87.604010 
0.995804 0.002326 -0.091487 3.194903 -0.004333 0.999754 -0.021742 3.898425 0.091414 0.022047 0.995569 88.402203 
0.995578 0.002829 -0.093900 3.155915 -0.004834 0.999765 -0.021127 3.925544 0.093818 0.021487 0.995357 89.200792 
0.993851 0.012664 -0.109995 3.330876 -0.015854 0.999477 -0.028176 4.401183 0.109580 0.029747 0.993533 89.819789 
0.993620 0.011769 -0.112167 3.346986 -0.015049 0.999482 -0.028441 4.451975 0.111774 0.029947 0.993282 90.618012 
0.993432 0.010910 -0.113900 3.330816 -0.014191 0.999506 -0.028040 4.462746 0.113538 0.029473 0.993096 91.417776 
0.993138 0.011497 -0.116381 3.260355 -0.014645 0.999549 -0.026227 4.465944 0.116027 0.027752 0.992858 92.214661 
0.992822 0.012896 -0.118902 3.285509 -0.016080 0.999536 -0.025856 4.482142 0.118513 0.027582 0.992569 93.014101 
0.992554 0.015573 -0.120808 3.229340 -0.018673 0.999524 -0.024576 4.490092 0.120368 0.026649 0.992372 93.812087 
0.991910 0.019735 -0.125397 3.302237 -0.023245 0.999376 -0.026587 5.102313 0.124795 0.029287 0.991750 94.321863 
0.992241 0.017813 -0.123047 3.209505 -0.021279 0.999411 -0.026914 5.129177 0.122495 0.029323 0.992036 95.317192 
0.992013 0.018447 -0.124782 3.419421 -0.022399 0.999288 -0.030346 5.460682 0.124133 0.032899 0.991720 96.014357 
0.992121 0.018041 -0.123981 3.432603 -0.021981 0.999294 -0.030481 5.512235 0.123344 0.032966 0.991816 97.012940 
0.992300 0.017834 -0.122566 3.414051 -0.021690 0.999309 -0.030199 5.505094 0.121943 0.032625 0.992001 98.012743 
0.992682 0.018249 -0.119375 3.318685 -0.022068 0.999283 -0.030749 5.532402 0.118728 0.033158 0.992373 99.007811 
0.992969 0.017477 -0.117077 3.226830 -0.021382 0.999253 -0.032181 5.638917 0.116427 0.034458 0.992601 99.997870 
0.993317 0.017562 -0.114070 3.126994 -0.021606 0.999178 -0.034307 5.699186 0.113373 0.036542 0.992880 100.991047 
0.993509 0.017784 -0.112359 2.922166 -0.021855 0.999145 -0.035100 5.789583 0.111638 0.037328 0.993048 101.965661 
0.993769 0.017517 -0.110077 2.882649 -0.021658 0.999098 -0.036538 5.826670 0.109337 0.038694 0.993251 102.964192 
0.993894 0.016631 -0.109075 2.842607 -0.020843 0.999076 -0.037586 5.900265 0.108349 0.039630 0.993323 103.960676 
0.993977 0.015936 -0.108426 2.819661 -0.020173 0.999070 -0.038096 5.941983 0.107718 0.040054 0.993374 104.959542 
0.993987 0.015973 -0.108331 2.723014 -0.020223 0.999064 -0.038245 5.996519 0.107619 0.040206 0.993379 105.953365 
0.993833 0.015143 -0.109848 2.769949 -0.019527 0.999051 -0.038942 6.046940 0.109154 0.040847 0.993185 106.750394 
0.993568 0.015247 -0.112203 2.708251 -0.019641 0.999079 -0.038158 6.079638 0.111517 0.040117 0.992952 107.547341 
0.993381 0.015743 -0.113782 2.703520 -0.020250 0.999051 -0.038561 6.137320 0.113067 0.040610 0.992757 108.345244 
0.993199 0.015420 -0.115404 2.665004 -0.019955 0.999069 -0.038248 6.140755 0.114706 0.040291 0.992582 109.144309 
0.992878 0.016566 -0.117981 2.561782 -0.021088 0.999086 -0.037180 6.135529 0.117257 0.039403 0.992320 109.937605 
0.992598 0.016646 -0.120297 2.545373 -0.021243 0.999088 -0.037033 6.179946 0.119571 0.039314 0.992047 110.736202 
0.992433 0.016846 -0.121625 2.433294 -0.021490 0.999085 -0.036974 6.209598 0.120891 0.039308 0.991887 111.527757 
0.992024 0.017844 -0.124778 2.366048 -0.022583 0.999072 -0.036667 6.246322 0.124008 0.039193 0.991507 112.324080 
0.991920 0.017746 -0.125621 2.333324 -0.022511 0.999076 -0.036612 6.288854 0.124855 0.039144 0.991403 113.122278 
0.991855 0.018643 -0.126002 2.266053 -0.023430 0.999055 -0.036617 6.323662 0.125200 0.039271 0.991354 113.918684 
0.991887 0.020883 -0.125397 2.141412 -0.025546 0.999036 -0.035689 6.319988 0.124531 0.038603 0.991464 114.910879 
0.992109 0.020375 -0.123709 2.095413 -0.024988 0.999045 -0.035856 6.347899 0.122860 0.038664 0.991671 115.909430 
0.992243 0.020903 -0.122540 2.082554 -0.025372 0.999064 -0.035025 6.244265 0.121693 0.037862 0.991845 116.903963 
0.992562 0.021753 -0.119783 2.057658 -0.025962 0.999095 -0.033688 6.267597 0.118942 0.036547 0.992228 117.903381 
0.992930 0.021394 -0.116760 1.920082 -0.025474 0.999112 -0.033569 6.295552 0.115938 0.036306 0.992593 118.893477 
0.993230 0.022613 -0.113942 1.850633 -0.026609 0.999079 -0.033676 6.406932 0.113075 0.036480 0.992917 119.884825 
0.993467 0.022362 -0.111910 1.783714 -0.026293 0.999084 -0.033772 6.416423 0.111052 0.036494 0.993144 120.882539 
0.993744 0.023293 -0.109225 1.722372 -0.027222 0.999030 -0.034622 6.454014 0.108313 0.037379 0.993414 121.879947 
0.993845 0.024023 -0.108140 1.693275 -0.027862 0.999029 -0.034128 6.386409 0.107215 0.036931 0.993550 122.877235 
0.994140 0.023744 -0.105460 1.699063 -0.027503 0.999032 -0.034334 6.404315 0.104543 0.037033 0.993831 123.877058 
0.994148 0.023583 -0.105418 1.811610 -0.027535 0.998966 -0.036186 6.539407 0.104456 0.038877 0.993769 124.657496 
0.994394 0.021747 -0.103478 1.787054 -0.025787 0.998950 -0.037870 6.615351 0.102546 0.040326 0.993910 125.654306 
0.994426 0.021724 -0.103177 1.734107 -0.025771 0.998943 -0.038056 6.643321 0.102241 0.040503 0.993935 126.652511 
0.994456 0.022501 -0.102720 1.656048 -0.026478 0.998945 -0.037520 6.648534 0.101768 0.040032 0.994002 127.649446 
0.994395 0.023137 -0.103171 1.604079 -0.027112 0.998936 -0.037300 6.684666 0.102198 0.039888 0.993964 128.446938 
0.994275 0.024055 -0.104111 1.661080 -0.028088 0.998904 -0.037450 6.765980 0.103096 0.040160 0.993860 129.240751 
0.994029 0.025222 -0.106160 1.625622 -0.029217 0.998916 -0.036243 6.756174 0.105131 0.039128 0.993688 130.039905 
0.993983 0.025522 -0.106524 1.602546 -0.029561 0.998896 -0.036507 6.840479 0.105475 0.039437 0.993640 130.835116 
0.994069 0.023981 -0.106076 1.539966 -0.028000 0.998939 -0.036559 6.877173 0.105087 0.039313 0.993686 131.832481 
0.994099 0.023646 -0.105872 1.509608 -0.027706 0.998930 -0.037036 6.926547 0.104882 0.039750 0.993690 132.630378 
0.994130 0.024333 -0.105418 1.389572 -0.028329 0.998929 -0.036576 6.918579 0.104415 0.039348 0.993755 133.623116 
0.994097 0.023658 -0.105881 1.353507 -0.027664 0.998950 -0.036527 6.945379 0.104906 0.039241 0.993708 134.421853 
0.993987 0.023800 -0.106883 1.272042 -0.027913 0.998920 -0.037145 6.985961 0.105883 0.039905 0.993578 135.216659 
0.993758 0.024162 -0.108911 1.299362 -0.028432 0.998880 -0.037826 7.069104 0.107875 0.040686 0.993332 136.011858 
0.993715 0.024826 -0.109154 1.272266 -0.029057 0.998880 -0.037348 7.102266 0.108105 0.040285 0.993323 136.810711 
0.993768 0.025222 -0.108576 1.220220 -0.029417 0.998874 -0.037216 7.129795 0.107515 0.040178 0.993391 137.808976 
0.993843 0.025899 -0.107729 1.191323 -0.030039 0.998864 -0.036980 7.163112 0.106649 0.039989 0.993492 138.808003 
0.993834 0.026009 -0.107784 1.303166 -0.030083 0.998886 -0.036347 7.138871 0.106719 0.039365 0.993510 139.801433 
0.994028 0.027011 -0.105734 1.244387 -0.030964 0.998875 -0.035924 7.171204 0.104644 0.038983 0.993745 140.799180 
0.993992 0.027612 -0.105910 1.347365 -0.031564 0.998860 -0.035820 7.184735 0.104800 0.038948 0.993730 141.592410 
0.994070 0.026836 -0.105382 1.332990 -0.030836 0.998857 -0.036511 7.267229 0.104282 0.039544 0.993761 142.588897 
0.994272 0.027674 -0.103234 1.268500 -0.031605 0.998829 -0.036640 7.308883 0.102100 0.039693 0.993982 143.585946 
0.994623 0.027612 -0.099812 1.100594 -0.031433 0.998824 -0.036915 7.378447 0.098675 0.039854 0.994321 144.569292 
0.994776 0.026570 -0.098566 1.044583 -0.030290 0.998877 -0.036444 7.395000 0.097487 0.039239 0.994463 145.567585 
0.994803 0.025599 -0.098548 0.949076 -0.029255 0.998929 -0.035839 7.441045 0.097525 0.038536 0.994487 146.561948 
0.994698 0.024319 -0.099920 0.941695 -0.027982 0.998981 -0.035417 7.478854 0.098957 0.038025 0.994365 147.361020 
0.994503 0.024374 -0.101836 0.850352 -0.028092 0.998984 -0.035234 7.515388 0.100874 0.037902 0.994177 148.154948 
0.994403 0.023817 -0.102931 0.780869 -0.027615 0.998983 -0.035630 7.554398 0.101977 0.038273 0.994050 148.950969 
0.994370 0.024348 -0.103127 0.735899 -0.028210 0.998948 -0.036153 7.588435 0.102138 0.038859 0.994011 149.748979 
0.994460 0.023903 -0.102357 0.669345 -0.027832 0.998923 -0.037124 7.631177 0.101360 0.039767 0.994055 150.745846 
0.994415 0.023989 -0.102781 0.640093 -0.027924 0.998924 -0.037019 7.641137 0.101782 0.039682 0.994015 151.545249 
0.994467 0.023457 -0.102397 0.628886 -0.027415 0.998923 -0.037420 7.677376 0.101409 0.040020 0.994039 152.544529 
0.994461 0.023197 -0.102517 0.596881 -0.027125 0.998944 -0.037089 7.704377 0.101548 0.039664 0.994040 153.543652 
0.994207 0.024297 -0.104705 0.615457 -0.028319 0.998910 -0.037107 7.753878 0.103689 0.039857 0.993811 154.341903 
0.994118 0.023862 -0.105645 0.551200 -0.027968 0.998903 -0.037553 7.781228 0.104633 0.040287 0.993695 155.138849 
0.994007 0.023631 -0.106732 0.470316 -0.027856 0.998879 -0.038269 7.805997 0.105708 0.041012 0.993551 155.934364 
0.993802 0.023108 -0.108737 0.428760 -0.027525 0.998849 -0.039295 7.822900 0.107704 0.042044 0.993294 156.733105 
0.993720 0.022830 -0.109546 0.402484 -0.027351 0.998828 -0.039942 7.834907 0.108506 0.042687 0.993179 157.532583 
0.993570 0.023399 -0.110779 0.381684 -0.027952 0.998820 -0.039727 7.845682 0.109718 0.042568 0.993051 158.332240 
0.993352 0.024063 -0.112569 0.351370 -0.028766 0.998772 -0.040345 7.850092 0.111460 0.043315 0.992824 159.131654 
0.993227 0.024093 -0.113662 0.435023 -0.028875 0.998758 -0.040607 7.925855 0.112543 0.043614 0.992689 159.923652 
0.993183 0.023887 -0.114088 0.387778 -0.028704 0.998756 -0.040775 7.945076 0.112973 0.043772 0.992633 160.722025 
0.993138 0.023403 -0.114581 0.278293 -0.028306 0.998744 -0.041352 7.982263 0.113470 0.044311 0.992553 161.513625 
0.992915 0.024440 -0.116284 0.172221 -0.029384 0.998727 -0.040992 7.987486 0.115134 0.044119 0.992370 162.306544 
0.992543 0.024036 -0.119501 0.075491 -0.029142 0.998727 -0.041166 8.008099 0.118359 0.044341 0.991980 163.100407 
0.992401 0.024301 -0.120623 0.027847 -0.029421 0.998732 -0.040842 8.020569 0.119478 0.044081 0.991858 163.898890 
0.992369 0.023262 -0.121093 -0.063026 -0.028352 0.998778 -0.040480 8.075668 0.120003 0.043605 0.991815 164.691800 
0.992340 0.023007 -0.121376 -0.075188 -0.028061 0.998802 -0.040096 8.104305 0.120308 0.043195 0.991796 165.491195 
0.992602 0.023171 -0.119184 -0.236102 -0.028021 0.998839 -0.039188 8.124379 0.118137 0.042237 0.992099 166.477959 
0.992739 0.023080 -0.118054 -0.305810 -0.027858 0.998851 -0.038989 8.128042 0.117018 0.041994 0.992242 167.475520 
0.992835 0.022862 -0.117285 -0.334433 -0.027632 0.998849 -0.039209 8.202590 0.116253 0.042169 0.992324 168.472326 
0.992892 0.022350 -0.116901 -0.321939 -0.027150 0.998846 -0.039628 8.276437 0.115880 0.042520 0.992353 169.469517 
0.993269 0.021936 -0.113732 -0.418569 -0.026562 0.998874 -0.039318 8.311068 0.112741 0.042074 0.992733 170.464235 
0.993392 0.021334 -0.112772 -0.495076 -0.025734 0.998957 -0.037706 8.102788 0.111850 0.040359 0.992905 171.439307 
0.993669 0.022334 -0.110106 -0.469203 -0.026604 0.998944 -0.037463 8.164231 0.109153 0.040155 0.993214 172.437083 
0.993934 0.021037 -0.107944 -0.563617 -0.025248 0.998967 -0.037794 8.211231 0.107038 0.040290 0.993438 173.431506 
0.994245 0.020673 -0.105113 -0.650670 -0.024811 0.998962 -0.038212 8.243223 0.104214 0.040600 0.993726 174.427195 
0.994364 0.020772 -0.103967 -0.713148 -0.024906 0.998943 -0.038623 8.241058 0.103055 0.040995 0.993830 175.425239 
0.994553 0.020593 -0.102180 -0.907157 -0.024724 0.998921 -0.039325 8.265927 0.101260 0.041637 0.993988 176.405924 
0.994642 0.020488 -0.101331 -0.999279 -0.024592 0.998920 -0.039420 8.275784 0.100414 0.041700 0.994072 177.401623 
0.994726 0.020738 -0.100446 -1.039522 -0.024789 0.998922 -0.039248 8.291292 0.099524 0.041531 0.994168 178.400692 
0.994792 0.020495 -0.099848 -0.995123 -0.024609 0.998891 -0.040146 8.419965 0.098914 0.042394 0.994193 179.391385 
0.995075 0.020347 -0.097012 -0.940549 -0.024227 0.998946 -0.038986 8.415791 0.096117 0.041145 0.994519 180.389886 
0.995321 0.019034 -0.094731 -0.945788 -0.022901 0.998941 -0.039905 8.449186 0.093871 0.041887 0.994703 181.389315 
0.995534 0.017357 -0.092797 -0.898124 -0.021042 0.999022 -0.038879 8.247784 0.092032 0.040658 0.994926 182.367663 
0.995861 0.016205 -0.089436 -0.787161 -0.019872 0.998991 -0.040270 8.300391 0.088693 0.041880 0.995178 183.360094 
0.995833 0.017120 -0.089572 -0.650988 -0.020976 0.998885 -0.042288 8.462786 0.088748 0.043990 0.995082 184.131511 
0.996017 0.018177 -0.087293 -0.673999 -0.021998 0.998832 -0.043016 8.492435 0.086409 0.044765 0.995254 185.130807 
0.995821 0.018445 -0.089444 -0.520106 -0.022438 0.998786 -0.043849 8.517331 0.088527 0.045673 0.995026 185.915471 
0.995783 0.019471 -0.089651 -0.625896 -0.023477 0.998762 -0.043844 8.552915 0.088686 0.045764 0.995008 186.707646 
0.995439 0.020334 -0.093206 -0.680105 -0.024503 0.998739 -0.043814 8.579140 0.092197 0.045898 0.994682 187.505377 
0.995113 0.020516 -0.096586 -0.591192 -0.024811 0.998746 -0.043484 8.590686 0.095573 0.045668 0.994374 188.300336 
0.994124 0.021791 -0.106031 -0.460495 -0.026568 0.998685 -0.043849 8.665459 0.104936 0.046408 0.993396 189.086038 
0.993804 0.022057 -0.108941 -0.479465 -0.026955 0.998681 -0.043698 8.720110 0.107833 0.046363 0.993087 189.883944 
0.993438 0.022182 -0.112205 -0.589426 -0.027176 0.998698 -0.043175 8.760320 0.111101 0.045940 0.992747 190.675330 
0.993300 0.021443 -0.113557 -0.706491 -0.026430 0.998743 -0.042597 8.847013 0.112501 0.045313 0.992618 191.461956 
0.993167 0.021293 -0.114741 -0.818016 -0.026232 0.998785 -0.041713 8.887912 0.113714 0.044437 0.992519 192.253088 
0.992137 0.023511 -0.122927 -0.831337 -0.028803 0.998726 -0.041445 9.568390 0.121796 0.044660 0.991550 192.673531 
0.991537 0.025112 -0.127374 -0.662232 -0.030616 0.998672 -0.041434 9.690208 0.126164 0.044983 0.990989 193.445906 
0.991238 0.025816 -0.129540 -0.733124 -0.031300 0.998690 -0.040481 9.703129 0.128325 0.044181 0.990748 194.242654 
0.989450 0.026179 -0.142490 -0.738802 -0.032825 0.998470 -0.044494 8.903300 0.141108 0.048702 0.988796 194.227082 
0.989176 0.026890 -0.144250 -0.852083 -0.033645 0.998438 -0.044595 8.915468 0.142825 0.048966 0.988536 195.018928 
0.986092 0.028284 -0.163773 -0.809026 -0.036002 0.998367 -0.044351 9.705709 0.162251 0.049630 0.985501 195.135831 
0.985890 0.028841 -0.164892 -0.914769 -0.036713 0.998317 -0.044894 9.840523 0.163320 0.050314 0.985289 195.917267 
0.985557 0.029259 -0.166800 -0.989881 -0.036921 0.998392 -0.043022 9.884911 0.165273 0.048560 0.985052 196.712496 
0.984662 0.031009 -0.171694 -1.041379 -0.039161 0.998251 -0.044297 10.652210 0.170020 0.050342 0.984154 196.932950 
0.984775 0.030623 -0.171118 -1.126642 -0.038682 0.998284 -0.043958 10.683343 0.169478 0.049908 0.984269 197.928822 
0.985206 0.028783 -0.168938 -1.216396 -0.036710 0.998358 -0.043982 10.630538 0.167395 0.049533 0.984645 198.923385 
0.985486 0.027923 -0.167446 -1.344851 -0.035868 0.998360 -0.044615 10.601439 0.165926 0.049974 0.984871 199.914673 
0.985932 0.027115 -0.164930 -1.451035 -0.035154 0.998322 -0.046015 10.619402 0.163406 0.051165 0.985231 200.908858 
0.986039 0.024984 -0.164628 -1.537404 -0.033042 0.998377 -0.046389 10.479724 0.163202 0.051181 0.985264 201.895281 
0.985928 0.025690 -0.165185 -1.638601 -0.033738 0.998367 -0.046100 10.480593 0.163731 0.051024 0.985185 202.688854 
0.985588 0.026942 -0.167004 -1.792682 -0.035322 0.998251 -0.047414 10.508909 0.165435 0.052629 0.984815 203.473365 
0.985492 0.028196 -0.167362 -1.880096 -0.036709 0.998173 -0.047991 10.539071 0.165703 0.053438 0.984727 204.268003 
0.985593 0.028546 -0.166711 -2.038933 -0.037158 0.998118 -0.048773 10.514355 0.165005 0.054265 0.984799 205.254998 
0.986251 0.027095 -0.163017 -2.186568 -0.035800 0.998072 -0.050697 10.484374 0.161330 0.055835 0.985320 206.243585 
0.985863 0.027436 -0.165291 -2.147025 -0.037208 0.997719 -0.056315 11.253822 0.163369 0.061669 0.984636 206.458958 
0.986669 0.026147 -0.160627 -2.293421 -0.035839 0.997688 -0.057741 11.233360 0.158746 0.062728 0.985325 207.447972 
0.987067 0.025322 -0.158297 -2.413094 -0.034941 0.997689 -0.058280 11.241539 0.156455 0.063057 0.985670 208.440752 
0.987620 0.023930 -0.155029 -2.526689 -0.033565 0.997644 -0.059834 11.261568 0.153232 0.064297 0.986096 209.434077 
0.987645 0.024780 -0.154737 -2.481244 -0.034598 0.997533 -0.061078 11.386132 0.152842 0.065677 0.986066 210.223012 
0.987864 0.025240 -0.153256 -2.560053 -0.034991 0.997508 -0.061260 11.376426 0.151328 0.065879 0.986286 211.219855 
0.988049 0.025943 -0.151942 -2.648767 -0.035552 0.997513 -0.060867 11.368589 0.149985 0.065541 0.986514 212.215881 
0.987943 0.026815 -0.152477 -2.715663 -0.036305 0.997550 -0.059800 11.319598 0.150500 0.064615 0.986496 213.212437 
0.987931 0.027992 -0.152341 -2.859926 -0.037458 0.997518 -0.059626 11.355382 0.150294 0.064613 0.986528 214.201330 
0.988453 0.029772 -0.148574 -2.854173 -0.040741 0.996620 -0.071337 12.135715 0.145948 0.076566 0.986325 214.377530 
0.988843 0.030349 -0.145840 -2.938909 -0.040992 0.996667 -0.070531 12.120774 0.143214 0.075723 0.986791 215.373821 
0.990197 0.030920 -0.136215 -3.201874 -0.040726 0.996730 -0.069798 12.089837 0.133611 0.074661 0.988218 216.338131 
0.990437 0.031095 -0.134414 -3.073049 -0.040390 0.996936 -0.066985 11.842309 0.131920 0.071773 0.988659 217.298409 
0.991092 0.031900 -0.129304 -3.153310 -0.040839 0.996911 -0.067084 11.867540 0.126765 0.071767 0.989333 218.294863 
0.992549 0.032780 -0.117351 -3.322856 -0.040867 0.996903 -0.067186 11.889771 0.114785 0.071482 0.990815 219.280135 
0.993094 0.033453 -0.112449 -3.396331 -0.041137 0.996924 -0.066715 11.886292 0.109871 0.070880 0.991415 220.277426 
0.994140 0.034961 -0.102293 -3.480492 -0.041836 0.996952 -0.065851 11.899717 0.099679 0.069745 0.992572 221.273787 
0.994324 0.035390 -0.100339 -3.280507 -0.042109 0.996953 -0.065660 11.896406 0.097710 0.069513 0.992784 222.253581 
0.994845 0.033761 -0.095618 -3.360052 -0.040079 0.997083 -0.064951 11.932932 0.093147 0.068449 0.993297 223.249743 
0.994866 0.033565 -0.095476 -3.387544 -0.039764 0.997171 -0.063782 11.875405 0.093065 0.067251 0.993386 224.247708 
0.994551 0.032982 -0.098898 -3.356125 -0.039420 0.997180 -0.063864 11.870438 0.096513 0.067415 0.993046 225.047075 
0.994587 0.034234 -0.098104 -3.718106 -0.040606 0.997142 -0.063715 11.812595 0.095643 0.067354 0.993134 225.977464 
0.994254 0.035480 -0.100995 -3.630989 -0.042186 0.996990 -0.065050 11.926660 0.098383 0.068937 0.992758 226.764484 
0.994096 0.035572 -0.102511 -3.694092 -0.042418 0.996957 -0.065396 11.923490 0.099873 0.069358 0.992580 227.561985 
0.993092 0.035193 -0.111934 -3.504345 -0.042754 0.996911 -0.065878 11.889754 0.109269 0.070208 0.991530 228.338424 
0.992935 0.034784 -0.113443 -3.576260 -0.042474 0.996909 -0.066091 11.877887 0.110793 0.070442 0.991344 229.135097 
0.993818 0.034478 -0.105529 -4.546876 -0.041975 0.996687 -0.069664 11.819409 0.102778 0.073663 0.991973 229.368519 
0.993445 0.035211 -0.108750 -4.330312 -0.042905 0.996677 -0.069239 11.641412 0.105951 0.073451 0.991655 230.117797 
0.992520 0.036910 -0.116367 -4.145596 -0.044960 0.996718 -0.067326 11.384647 0.113500 0.072054 0.990922 230.852611 
0.992322 0.037337 -0.117907 -4.224737 -0.045433 0.996736 -0.066739 11.167840 0.115031 0.071584 0.990779 231.618595 
0.991680 0.038421 -0.122862 -4.012963 -0.046835 0.996697 -0.066344 11.009459 0.119907 0.071546 0.990204 232.373623 
0.991229 0.036352 -0.127055 -4.073116 -0.045161 0.996720 -0.067155 11.005605 0.124197 0.072304 0.989620 233.171349 
0.991156 0.035674 -0.127816 -4.049631 -0.044989 0.996479 -0.070747 11.741677 0.124842 0.075871 0.989271 233.483834 
0.990640 0.033030 -0.132446 -4.110465 -0.042724 0.996559 -0.071027 11.685758 0.129644 0.076021 0.988642 234.279555 
0.990078 0.031856 -0.136858 -3.986945 -0.041917 0.996576 -0.071272 11.680467 0.134119 0.076301 0.988023 235.069944 
0.990079 0.030538 -0.137150 -4.191905 -0.040801 0.996523 -0.072648 11.684626 0.134455 0.077523 0.987883 235.843232 
0.988275 0.029505 -0.149808 -3.735137 -0.040876 0.996465 -0.073398 11.669189 0.147113 0.078660 0.985987 236.499833 
0.987406 0.030308 -0.155278 -4.528816 -0.042095 0.996429 -0.073197 11.736442 0.152505 0.078812 0.985155 236.574334 
0.987129 0.030570 -0.156978 -4.632193 -0.042427 0.996448 -0.072748 11.751681 0.154196 0.078471 0.984919 237.367481 
0.987577 0.032574 -0.153725 -5.019274 -0.043773 0.996584 -0.070037 11.486685 0.150919 0.075896 0.985628 238.250626 
0.987401 0.033030 -0.154755 -5.082329 -0.044152 0.996640 -0.068992 11.405130 0.151957 0.074955 0.985541 239.043956 
0.988695 0.032418 -0.146392 -5.991664 -0.042530 0.996881 -0.066478 11.363951 0.143780 0.071952 0.986990 239.457979 
0.988266 0.031961 -0.149363 -5.861862 -0.042383 0.996844 -0.067122 11.483132 0.146746 0.072665 0.986502 240.238330 
0.988172 0.031294 -0.150124 -5.947312 -0.041548 0.996977 -0.065659 11.488072 0.147615 0.071119 0.986485 241.234660 
0.987791 0.031793 -0.152508 -5.856382 -0.042137 0.996990 -0.065078 11.460334 0.149980 0.070710 0.986157 242.028991 
0.988635 0.037095 -0.145686 -6.011302 -0.046678 0.996927 -0.062915 10.609231 0.142904 0.069000 0.987328 242.530612 
0.988534 0.038472 -0.146018 -6.050409 -0.047974 0.996915 -0.062116 10.649562 0.143177 0.068409 0.987330 243.529033 
0.988975 0.039010 -0.142853 -6.323488 -0.048396 0.996850 -0.062832 10.746083 0.139952 0.069053 0.987748 244.486170 
0.989430 0.041672 -0.138897 -6.439973 -0.051334 0.996450 -0.066722 9.842628 0.135624 0.073147 0.988057 244.898724 
0.989610 0.043038 -0.137184 -6.519628 -0.052642 0.996352 -0.067168 9.982231 0.133792 0.073691 0.988266 245.885722 
0.989725 0.043455 -0.136219 -6.614810 -0.052905 0.996380 -0.066542 9.962123 0.132834 0.073065 0.988442 246.880979 
0.990109 0.043356 -0.133430 -6.706488 -0.052552 0.996422 -0.066186 9.947599 0.130083 0.072544 0.988846 247.876662 
0.990113 0.046990 -0.132170 -6.760251 -0.055628 0.996497 -0.062441 9.581152 0.128773 0.069176 0.989258 248.805546 
0.990261 0.049800 -0.130013 -6.851557 -0.058377 0.996304 -0.063010 9.581216 0.126394 0.069986 0.989508 249.801369 
0.990297 0.052392 -0.128715 -6.930620 -0.060732 0.996243 -0.061744 9.452260 0.124997 0.068962 0.989758 250.789862 
0.990549 0.050883 -0.127369 -6.982531 -0.059396 0.996184 -0.063949 9.683120 0.123629 0.070910 0.989792 251.761463 
0.990621 0.052309 -0.126231 -7.044935 -0.060726 0.996115 -0.063777 9.659155 0.122405 0.070845 0.989949 252.759227 
0.990652 0.050483 -0.126728 -7.093798 -0.058926 0.996223 -0.063778 9.652224 0.123030 0.070649 0.989885 253.557703 
0.990465 0.050891 -0.128022 -7.183942 -0.059396 0.996212 -0.063519 9.626348 0.124304 0.070518 0.989735 254.352187 
0.990308 0.049731 -0.129683 -7.214563 -0.058340 0.996278 -0.063449 9.604080 0.126045 0.070400 0.989523 255.151290 
0.990072 0.046879 -0.132517 -7.322670 -0.055789 0.996368 -0.064338 9.598587 0.129019 0.071092 0.989090 255.943933 
0.989800 0.045782 -0.134905 -7.383486 -0.054808 0.996446 -0.063968 9.555795 0.131497 0.070709 0.988792 256.740469 
0.989416 0.046285 -0.137529 -7.474689 -0.055270 0.996529 -0.062245 9.467211 0.134171 0.069187 0.988540 257.530302 
0.989008 0.045182 -0.140787 -7.511494 -0.054405 0.996569 -0.062369 9.500429 0.137486 0.069343 0.988073 258.328764 
0.988370 0.043029 -0.145851 -7.614353 -0.052736 0.996597 -0.063354 9.550470 0.142629 0.070309 0.987276 259.120544 
0.987944 0.041961 -0.149017 -7.683858 -0.051856 0.996656 -0.063145 9.536983 0.145869 0.070111 0.986816 259.917405 
0.986753 0.041240 -0.156901 -7.763889 -0.051788 0.996622 -0.063737 9.577137 0.153742 0.071018 0.985556 260.712378 
0.986129 0.042473 -0.160454 -7.892371 -0.053118 0.996621 -0.062644 9.552426 0.157252 0.070298 0.985053 261.501607 
0.985102 0.040828 -0.167052 -7.999567 -0.052003 0.996653 -0.063080 9.575366 0.163917 0.070828 0.983928 262.294061 
0.984539 0.040747 -0.170363 -8.070752 -0.052154 0.996648 -0.063028 9.556530 0.167223 0.070938 0.983364 263.090665 
0.984005 0.041632 -0.173209 -8.141438 -0.053109 0.996652 -0.062167 9.527216 0.170041 0.070371 0.982921 263.886996 
0.982895 0.041224 -0.179493 -8.173379 -0.053718 0.996418 -0.065309 9.646064 0.176158 0.073834 0.981589 264.677474 
0.982476 0.041911 -0.181617 -8.272357 -0.054451 0.996423 -0.064618 9.653412 0.178260 0.073375 0.981244 265.471293 
0.981145 0.040811 -0.188915 -8.306920 -0.055904 0.995595 -0.075262 8.855440 0.185011 0.084404 0.979105 265.426052 
0.981013 0.040517 -0.189662 -8.415992 -0.055693 0.995598 -0.075382 8.848708 0.185773 0.084514 0.978951 266.218553 
0.980985 0.041536 -0.189589 -8.459438 -0.056512 0.995635 -0.074278 9.837400 0.185677 0.083580 0.979050 266.362081 
0.980448 0.042753 -0.192078 -8.559362 -0.057982 0.995543 -0.074376 9.818593 0.188042 0.084059 0.978557 267.155593 
0.980112 0.043720 -0.193568 -8.600743 -0.059132 0.995461 -0.074571 9.808579 0.189429 0.084534 0.978249 267.954459 
0.979795 0.042761 -0.195379 -8.643799 -0.058086 0.995610 -0.073391 9.334958 0.191383 0.083257 0.977978 268.597755 
0.979628 0.042611 -0.196250 -8.694018 -0.058014 0.995613 -0.073415 9.312969 0.192260 0.083305 0.977802 269.395874 
0.979827 0.041920 -0.195400 -8.810531 -0.057064 0.995733 -0.072529 9.205977 0.191526 0.082216 0.978038 270.383284 
0.979898 0.041544 -0.195126 -8.854514 -0.056386 0.995872 -0.071135 9.096600 0.191365 0.080708 0.978195 271.376310 
0.980182 0.041067 -0.193796 -8.911203 -0.055603 0.995984 -0.070172 9.050584 0.190136 0.079557 0.978529 272.373641 
0.980609 0.041067 -0.191623 -8.987000 -0.055180 0.996096 -0.068903 8.990917 0.188046 0.078140 0.979047 273.368978 
0.981362 0.041052 -0.187733 -9.059152 -0.054152 0.996403 -0.065186 8.892396 0.184382 0.074137 0.980055 274.361494 
0.981551 0.040517 -0.186860 -9.091452 -0.053646 0.996393 -0.065746 9.025461 0.183522 0.074557 0.980184 275.352074 
0.981704 0.040283 -0.186104 -9.155829 -0.055639 0.995397 -0.078037 8.229119 0.182103 0.086964 0.979426 275.310901 
0.982412 0.041194 -0.182123 -9.190956 -0.056573 0.995183 -0.080066 8.324021 0.177947 0.088961 0.980011 276.305768 
0.983037 0.041369 -0.178681 -9.266361 -0.056292 0.995263 -0.079267 8.290445 0.174556 0.087981 0.980709 277.302355 
0.983443 0.041152 -0.176481 -9.299396 -0.055861 0.995292 -0.079200 8.293825 0.172391 0.087747 0.981113 278.301804 
0.983833 0.041537 -0.174205 -9.341684 -0.055808 0.995403 -0.077838 8.195978 0.170171 0.086301 0.981628 279.296106 
0.984852 0.044213 -0.167663 -9.471892 -0.055289 0.996545 -0.061979 7.283036 0.164344 0.070310 0.983894 279.682865 
0.985016 0.042893 -0.167045 -9.514282 -0.053514 0.996786 -0.059608 6.519460 0.163952 0.067654 0.984146 280.327191 
0.985783 0.043126 -0.162393 -9.554041 -0.053373 0.996814 -0.059277 6.535328 0.159319 0.067101 0.984944 281.326274 
0.986745 0.041693 -0.156830 -9.617836 -0.051547 0.996908 -0.059300 6.584669 0.153873 0.066599 0.985844 282.323017 
0.987770 0.045810 -0.149035 -9.624585 -0.051854 0.997972 -0.036921 7.580649 0.147041 0.044197 0.988142 282.412335 
0.990168 0.049923 -0.130673 -9.718270 -0.056032 0.997481 -0.043493 7.881176 0.128172 0.050388 0.990471 283.361496 
0.991463 0.050860 -0.120056 -9.765703 -0.056193 0.997559 -0.041458 7.796646 0.117655 0.047850 0.991901 284.356788 
0.992865 0.051721 -0.107439 -9.802162 -0.056725 0.997417 -0.044053 7.906852 0.104883 0.049833 0.993235 285.350028 
0.995332 0.054483 -0.079658 -9.835898 -0.057799 0.997530 -0.039925 7.829754 0.077286 0.044343 0.996022 286.346480 
0.996758 0.056086 -0.057688 -10.819697 -0.058537 0.997413 -0.041710 7.863710 0.055200 0.044952 0.997463 286.522506 
0.997980 0.058233 -0.025412 -11.780059 -0.059220 0.997443 -0.039996 7.926185 0.023018 0.041420 0.998877 286.794172 
0.998195 0.059468 -0.008360 -11.966648 -0.059760 0.997386 -0.040614 8.039800 0.005923 0.041041 0.999140 287.770019 
0.998174 0.060400 0.000194 -11.416930 -0.060341 0.997325 -0.041244 8.086900 -0.002685 0.041157 0.999149 288.604041 
0.998024 0.060464 0.017080 -11.452244 -0.059674 0.997269 -0.043526 8.193060 -0.019665 0.042420 0.998906 289.597762 
0.996452 0.062454 0.056414 -11.627392 -0.060034 0.997242 -0.043627 8.207765 -0.058983 0.040086 0.997454 290.582195 
0.995863 0.065208 0.063284 -10.640488 -0.062849 0.997277 -0.038575 8.182184 -0.065627 0.034438 0.997250 290.741460 
0.995260 0.066036 0.071395 -9.651949 -0.063501 0.997288 -0.037213 8.160662 -0.073659 0.032503 0.996754 290.890885 
0.993799 0.066570 0.089065 -8.653568 -0.063704 0.997367 -0.034645 8.141052 -0.091137 0.028757 0.995423 290.944282 
0.993177 0.064929 0.096873 -7.680776 -0.061126 0.997257 -0.041728 8.126008 -0.099317 0.035522 0.994422 291.175473 
0.993006 0.065333 0.098340 -6.701326 -0.061242 0.997150 -0.044066 8.099832 -0.100938 0.037735 0.994177 291.375457 
0.991896 0.065106 0.109104 -5.702610 -0.059757 0.996879 -0.051597 8.059046 -0.112123 0.044660 0.992690 291.405481 
