<?xml version="1.0"?>
<opencv_storage>
<leftCam3DBallCoords>
  1.09982719e+01 -3.41055565e+01 4.56497070e+02 1.08958635e+01
  -3.37328491e+01 4.46859894e+02 1.08583975e+01 -3.33657646e+01
  4.35450317e+02 1.08078156e+01 -3.30056152e+01 4.24390076e+02
  1.08110762e+01 -3.26060982e+01 4.12595123e+02 1.07802181e+01
  -3.19927025e+01 4.00020508e+02 1.07441587e+01 -3.12914867e+01
  3.87912415e+02 1.07605419e+01 -3.06499157e+01 3.76665863e+02
  1.07265205e+01 -2.98633690e+01 3.64932861e+02 1.07114296e+01
  -2.90041924e+01 3.53456726e+02 1.07119684e+01 -2.80973969e+01
  3.42243103e+02 1.06925755e+01 -2.71798115e+01 3.31093475e+02
  1.07166624e+01 -2.61922798e+01 3.20456909e+02 1.07321157e+01
  -2.50790844e+01 3.09051849e+02 1.07331257e+01 -2.39070816e+01
  2.97730408e+02 1.07516594e+01 -2.27467442e+01 2.87062866e+02
  1.07781258e+01 -2.14843216e+01 2.76069763e+02 1.07636309e+01
  -2.01815548e+01 2.65200470e+02 1.07819290e+01 -1.88460674e+01
  2.55000549e+02 1.07855768e+01 -1.73697681e+01 2.44172928e+02
  1.08048677e+01 -1.58791533e+01 2.33429962e+02 1.08134861e+01
  -1.42866697e+01 2.23021332e+02 1.08217735e+01 -1.27059278e+01
  2.12632294e+02</leftCam3DBallCoords>
<rightCam3DBallCoords>
  1.27540445e+01 -3.45576363e+01 4.56781830e+02 1.26144304e+01
  -3.41926308e+01 4.47144653e+02 1.25329161e+01 -3.39030075e+01
  4.35735077e+02 1.24396353e+01 -3.35311241e+01 4.24674835e+02
  1.23973598e+01 -3.30632401e+01 4.12879883e+02 1.23179569e+01
  -3.23731461e+01 4.00305267e+02 1.22351522e+01 -3.17551937e+01
  3.88197174e+02 1.22081165e+01 -3.11109772e+01 3.76950623e+02
  1.21287985e+01 -3.03130569e+01 3.65217621e+02 1.20694027e+01
  -2.95028152e+01 3.53741486e+02 1.20266504e+01 -2.86467094e+01
  3.42527863e+02 1.19642134e+01 -2.77144394e+01 3.31378235e+02
  1.19472361e+01 -2.67258797e+01 3.20741669e+02 1.19186592e+01
  -2.56405392e+01 3.09336609e+02 1.18759613e+01 -2.44885807e+01
  2.98015167e+02 1.18533125e+01 -2.33379726e+01 2.87347626e+02
  1.18373384e+01 -2.20594559e+01 2.76354523e+02 1.17808809e+01
  -2.07281723e+01 2.65485229e+02 1.17598009e+01 -1.93955345e+01
  2.55285324e+02 1.17216473e+01 -1.79532833e+01 2.44457703e+02
  1.16994648e+01 -1.64177513e+01 2.33714737e+02 1.16678991e+01
  -1.48703423e+01 2.23306107e+02 1.16360779e+01 -1.32401075e+01
  2.12917068e+02</rightCam3DBallCoords>
</opencv_storage>
