<?xml version="1.0"?>
<opencv_storage>
<leftCam3DBallCoords>
  2.09982719e+01 -7.01055603e+01 4.51497070e+02 2.08958626e+01
  -6.97328491e+01 4.41859894e+02 2.08583984e+01 -6.93657684e+01
  4.30450317e+02 2.08078156e+01 -6.90056152e+01 4.19390076e+02
  2.08110771e+01 -6.86060944e+01 4.07595123e+02 2.07802181e+01
  -6.79927063e+01 3.95020508e+02 2.07441597e+01 -6.72914886e+01
  3.82912415e+02 2.07605419e+01 -6.66499176e+01 3.71665863e+02
  2.07265205e+01 -6.58633728e+01 3.59932861e+02 2.07114296e+01
  -6.50041962e+01 3.48456726e+02 2.07119675e+01 -6.40973969e+01
  3.37243103e+02 2.06925755e+01 -6.31798096e+01 3.26093475e+02
  2.07166634e+01 -6.21922798e+01 3.15456909e+02 2.07321167e+01
  -6.10790863e+01 3.04051849e+02 2.07331257e+01 -5.99070816e+01
  2.92730408e+02 2.07516594e+01 -5.87467422e+01 2.82062866e+02
  2.07781258e+01 -5.74843216e+01 2.71069763e+02 2.07636299e+01
  -5.61815567e+01 2.60200470e+02 2.07819290e+01 -5.48460693e+01
  2.50000549e+02 2.07855759e+01 -5.33697662e+01 2.39172928e+02
  2.08048668e+01 -5.18791542e+01 2.28429962e+02 2.08134861e+01
  -5.02866707e+01 2.18021332e+02 2.08217735e+01 -4.87059288e+01
  2.07632294e+02</leftCam3DBallCoords>
<rightCam3DBallCoords>
  2.27540436e+01 -7.05576324e+01 4.51781830e+02 2.26144295e+01
  -7.01926270e+01 4.42144653e+02 2.25329170e+01 -6.99030075e+01
  4.30735077e+02 2.24396362e+01 -6.95311279e+01 4.19674835e+02
  2.23973598e+01 -6.90632401e+01 4.07879883e+02 2.23179569e+01
  -6.83731461e+01 3.95305267e+02 2.22351532e+01 -6.77551956e+01
  3.83197174e+02 2.22081165e+01 -6.71109772e+01 3.71950623e+02
  2.21287994e+01 -6.63130569e+01 3.60217621e+02 2.20694027e+01
  -6.55028152e+01 3.48741486e+02 2.20266495e+01 -6.46467133e+01
  3.37527863e+02 2.19642143e+01 -6.37144394e+01 3.26378235e+02
  2.19472351e+01 -6.27258797e+01 3.15741669e+02 2.19186592e+01
  -6.16405411e+01 3.04336609e+02 2.18759613e+01 -6.04885788e+01
  2.93015167e+02 2.18533134e+01 -5.93379745e+01 2.82347626e+02
  2.18373375e+01 -5.80594559e+01 2.71354523e+02 2.17808800e+01
  -5.67281723e+01 2.60485229e+02 2.17598000e+01 -5.53955345e+01
  2.50285324e+02 2.17216473e+01 -5.39532852e+01 2.39457703e+02
  2.16994648e+01 -5.24177513e+01 2.28714737e+02 2.16679001e+01
  -5.08703423e+01 2.18306107e+02 2.16360779e+01 -4.92401085e+01
  2.07917068e+02</rightCam3DBallCoords>
</opencv_storage>
