<?xml version="1.0"?>
<opencv_storage>
<ballPointsL>
  3.57666656e+02 113. 3.58145325e+02 1.11657188e+02 3.59066376e+02
  1.09693817e+02 3.59948517e+02 1.07708672e+02 3.61181458e+02
  1.05536285e+02 3.62441406e+02 1.03886719e+02 3.63711792e+02
  1.02687500e+02 3.65192383e+02 1.01457489e+02 3.66602051e+02
  1.00648209e+02 3.68167633e+02 1.00239883e+02 3.69881653e+02
  1.00150864e+02 3.71598480e+02 1.00140572e+02 3.73587463e+02
  1.00727844e+02 3.75819702e+02 1.01704926e+02 3.78128632e+02
  1.03136238e+02 3.80582520e+02 1.04922287e+02 3.83363312e+02
  1.07321945e+02 3.86081635e+02 1.10247734e+02 3.89072998e+02
  1.13979813e+02 3.92418243e+02 1.18698990e+02 3.96163239e+02
  1.24005959e+02 4.00078918e+02 1.30783966e+02 4.04365173e+02
  1.38145187e+02</ballPointsL>
<ballPointsR>
  2.84378998e+02 1.17068497e+02 2.83133331e+02 1.15728683e+02
  2.81909607e+02 1.13495758e+02 2.80609619e+02 1.11588089e+02
  2.79391510e+02 1.09733337e+02 2.77880707e+02 1.08461540e+02
  2.76301910e+02 1.06953979e+02 2.74978973e+02 1.05782333e+02
  2.73281006e+02 1.05081390e+02 2.71602692e+02 1.04493698e+02
  2.69936920e+02 1.04202896e+02 2.68072449e+02 1.04317230e+02
  2.66411194e+02 1.04959938e+02 2.64447510e+02 1.05840729e+02
  2.62273834e+02 1.07214333e+02 2.60181000e+02 1.08995735e+02
  2.57910767e+02 1.11552750e+02 2.55224121e+02 1.14732399e+02
  2.52719604e+02 1.18521217e+02 2.49724014e+02 1.23089264e+02
  2.46605988e+02 1.28812057e+02 2.43228867e+02 1.35349945e+02
  2.39538483e+02 1.43214859e+02</ballPointsR>
</opencv_storage>
